107 93 104 83 91 66 70 77 62 91 89 74 90 68 65 101 93 74 68 77 73 75 77 85 77 71 82 80 74 69 56 50 53 74 63 54 63 88 103 74 67 73 85 72 75 81 107 69 63 73 72 90 89 97 78 74 92 83 92 85 93 92 66 79 73 77 85 100 83 86 84 80 74 78 86 77 66 68 65 68 63 71 90 76 67 50 37 41 51 46 61 82 61 62 58 79 60 49 59 59 70 69 72 67 95 77 70 72 70 65 91 70 64 78 74 61 56 75 51 59 100 95 65 46 49 75 65 91 85 87 88 87 78 95
72 96 99 93 84 85 80 84 96 95 82 85 89 94 82 65 74 90 62 85 75 88 71 77 101 83 100 59 68 73 68 80 89 84 89 82 55 82 96 88 80 93 92 76 87 83 84 70 76 76 79 96 91 125 93 94 98 104 83 86 102 70 88 95 88 110 90 94 76 85 88 74 65 85 85 85 79 90 82 101 87 89 84 98 94 91 83 67 72 86 78 73 74 73 85 82 71 76 60 78 68 68 82 61 55 60 68 78 74 91 92 87 73 78 50 85 76 73 76 67 76 73 74 83 77 77 80 94 80 64 76 68 95 73
98 117 105 108 88 90 101 84 86 78 90 65 103 116 89 99 85 84 100 96 104 85 98 110 79 100 91 99 108 100 81 82 110 92 89 80 63 67 86 76 99 84 86 90 87 73 87 90 89 58 81 84 106 156 107 92 85 103 86 104 91 101 90 87 99 100 95 102 91 96 88 96 88 93 91 98 95 92 102 99 97 80 84 90 103 88 88 80 84 87 78 92 81 78 94 82 85 71 71 83 82 66 80 77 78 84 83 72 83 91 81 78 81 76 88 92 78 92 93 102 88 94 86 98 63 82 93 91 86 91 92 73 104 86
102 107 119 83 119 112 102 101 108 86 112 93 114 93 108 101 114 107 97 81 89 101 86 83 95 108 81 97 90 90 104 108 115 106 102 87 98 78 67 91 90 109 95 74 88 74 98 145 87 97 85 94 87 135 103 103 88 106 86 91 99 92 93 99 93 98 93 99 99 101 99 101 91 97 97 91 97 103 101 98 102 92 89 95 95 89 84 92 93 94 97 95 91 82 98 95 95 86 73 90 80 91 75 90 91 83 87 97 89 104 89 86 101 97 97 96 101 98 90 103 100 86 91 91 100 90 88 105 108 82 91 97 97 80
114 119 125 97 98 92 101 125 85 107 93 106 75 102 106 79 93 99 105 104 97 94 93 75 114 101 105 103 121 112 79 97 90 51 109 103 81 36 96 103 97 114 97 106 102 78 98 100 97 111 97 95 94 138 92 81 105 110 109 100 95 100 107 102 96 109 95 107 104 96 97 101 96 97 99 97 98 95 95 83 94 94 87 86 82 86 97 102 89 102 86 105 98 96 77 75 93 86 85 100 104 107 104 104 102 85 89 103 102 95 95 93 96 80 91 104 107 112 89 98 96 95 94 102 99 95 106 94 100 115 111 92 101 77
110 99 105 119 94 106 90 98 120 90 83 79 109 78 89 100 89 103 89 52 99 58 104 108 105 100 64 108 119 114 86 95 91 98 113 116 110 107 94 102 97 80 98 118 81 99 106 88 98 113 105 96 107 104 99 95 100 101 96 98 100 102 96 94 100 109 104 103 108 112 108 117 105 110 103 100 98 99 97 97 105 105 103 86 82 116 107 109 107 100 102 63 87 89 101 92 80 106 106 102 91 96 94 97 96 97 93 90 104 96 91 95 110 102 114 103 110 122 83 104 97 108 98 103 98 81 99 110 97 107 110 90 105 103
100 108 94 96 125 99 96 131 97 87 77 116 105 87 93 111 101 124 97 106 99 96 100 122 101 122 108 99 114 109 104 101 96 105 129 106 78 109 108 115 75 110 99 107 97 98 100 101 102 107 103 108 101 106 102 95 96 91 98 90 103 97 96 96 109 118 101 104 103 103 108 102 105 116 98 98 102 92 103 99 115 99 106 102 96 112 99 104 98 107 90 96 87 83 90 111 88 107 84 84 95 90 103 109 111 109 121 96 93 90 87 100 111 114 106 92 102 118 112 85 96 88 94 103 113 108 123 118 126 100 106 119 99 92
100 102 96 99 116 107 121 118 86 84 117 72 100 117 108 99 102 97 90 125 131 89 58 116 94 101 106 87 89 97 67 83 116 93 59 90 100 56 80 103 112 113 84 103 106 104 107 111 95 101 97 92 104 84 95 101 101 99 92 96 103 111 110 94 107 111 99 91 103 94 101 101 102 102 99 97 103 108 107 91 116 104 99 89 103 109 116 93 100 98 105 102 90 98 99 96 89 112 106 112 105 100 99 105 82 112 96 104 101 110 95 107 84 106 107 91 94 111 84 120 109 125 104 102 95 104 92 92 118 127 95 92 97 77
116 125 96 128 82 113 126 91 85 111 77 127 67 128 120 92 103 99 107 93 96 84 111 109 104 80 116 123 93 79 69 118 110 104 116 61 114 78 106 108 88 105 97 83 98 101 101 95 102 102 94 99 99 87 99 102 86 99 94 89 100 115 104 105 104 100 103 99 105 102 104 98 104 99 101 106 102 90 89 100 92 110 109 93 95 103 99 108 116 104 87 114 100 124 114 101 100 85 107 94 94 94 106 106 107 111 109 91 105 105 103 105 91 121 134 96 119 104 93 119 92 112 97 119 104 110 115 105 127 93 128 121 117 98
106 123 122 111 95 105 104 116 106 120 93 105 117 95 117 69 81 82 87 104 116 95 93 100 127 104 92 122 121 86 100 94 99 75 111 91 65 107 85 81 82 85 108 98 93 101 97 100 101 106 107 108 103 79 90 105 102 100 110 107 103 106 117 106 103 118 104 101 103 102 103 106 106 106 107 107 94 101 108 93 102 97 118 103 105 97 97 97 110 85 114 85 111 119 106 95 96 100 111 108 107 112 107 102 106 118 91 107 92 96 109 92 119 110 108 97 95 111 125 115 130 114 113 84 105 114 109 119 105 94 93 95 101 88
108 118 116 102 97 86 133 117 118 72 110 109 109 111 102 80 104 67 126 105 103 108 104 110 114 128 114 90 95 94 101 108 111 94 108 105 69 109 104 107 97 115 95 109 102 103 101 104 100 98 93 113 97 99 92 102 110 106 105 109 101 111 102 109 104 108 110 110 101 107 112 100 101 106 99 113 101 104 105 105 106 100 112 94 101 116 90 113 112 110 115 114 95 111 123 106 115 108 100 107 105 107 110 95 108 114 110 121 109 91 132 98 91 108 110 119 125 96 109 128 107 110 110 128 91 104 114 103 98 97 103 115 102 93
120 125 104 99 111 108 114 133 133 118 96 127 100 139 99 93 109 108 101 104 91 122 110 108 121 89 121 119 121 113 111 103 106 124 97 77 129 106 77 100 99 103 99 99 110 108 118 104 108 110 109 112 104 110 103 96 96 109 109 110 114 121 112 111 108 104 118 106 98 105 111 100 110 97 105 102 101 104 106 104 118 102 115 107 97 100 98 108 98 113 112 113 111 118 121 81 100 95 122 102 101 104 130 100 103 113 109 108 110 90 112 93 124 110 106 116 130 107 101 122 127 116 115 118 125 116 102 101 125 128 104 129 91 89
91 102 92 129 108 125 123 117 121 121 111 124 104 101 114 110 120 103 101 119 128 119 117 129 100 104 108 101 118 133 89 97 115 99 110 110 123 70 135 113 108 119 105 114 107 110 112 100 115 113 117 103 107 110 95 104 118 98 110 115 105 112 118 110 114 113 123 112 112 119 122 104 110 107 106 116 86 105 95 112 112 106 120 100 104 97 103 109 117 98 110 108 101 109 130 117 93 116 99 108 111 108 87 109 97 108 104 117 125 105 118 108 135 114 129 98 128 109 122 135 101 99 111 123 127 85 95 102 123 114 114 92 92 117
94 109 99 149 125 120 113 113 93 85 79 114 94 120 77 111 128 113 99 110 94 136 94 117 100 121 104 107 137 125 115 124 104 109 106 111 118 112 108 88 116 110 104 108 111 100 112 108 112 120 124 108 115 106 99 93 109 110 109 116 119 113 96 118 110 125 124 130 124 123 120 115 123 105 107 101 88 114 114 100 100 104 131 111 96 107 126 126 123 103 130 98 100 118 118 94 103 121 100 119 109 126 91 106 128 70 111 122 108 107 127 130 105 136 124 123 103 103 125 120 116 124 110 121 113 114 115 126 105 110 115 118 119 102
115 109 104 109 106 98 132 111 99 107 97 118 119 113 123 104 123 107 97 127 126 118 117 109 124 107 98 119 119 109 121 114 124 108 94 89 110 123 108 101 106 112 112 106 103 112 116 113 109 118 118 100 99 94 97 101 104 105 109 108 111 111 119 128 115 109 120 123 114 123 122 122 120 111 111 122 103 113 105 118 116 100 129 98 119 125 104 110 122 121 114 111 111 74 131 117 102 112 108 128 109 84 99 103 97 109 88 120 123 105 125 109 105 113 89 100 120 108 120 120 100 113 114 110 95 131 116 115 104 121 114 132 104 119
108 111 127 103 131 124 118 116 109 95 110 122 116 98 102 98 112 92 80 102 118 99 101 122 119 129 118 103 119 113 107 115 124 120 121 110 115 107 80 112 111 112 111 112 106 114 115 111 124 114 105 111 107 114 114 109 112 112 124 109 111 114 116 115 115 113 111 109 123 126 107 103 128 112 113 115 107 94 124 118 112 117 131 120 119 119 122 118 116 119 118 118 115 130 123 128 124 123 116 127 113 81 98 118 113 110 127 128 116 92 126 138 130 113 111 113 92 123 133 109 121 103 115 102 108 96 128 145 125 110 131 123 124 110
97 104 120 112 113 91 99 119 109 110 93 94 105 130 111 95 114 134 125 113 126 123 125 134 115 120 138 133 131 137 101 126 122 119 104 122 124 118 107 113 124 116 117 115 119 120 111 112 109 113 120 105 107 112 109 113 121 107 114 119 115 102 128 126 120 109 119 118 114 122 121 112 120 121 106 118 112 108 117 111 111 113 114 111 113 123 132 127 110 101 121 96 98 125 111 131 111 96 131 120 130 105 119 96 94 125 125 110 113 111 115 124 138 111 100 123 146 135 123 114 100 102 103 92 129 112 131 104 122 100 104 129 98 104
103 148 122 131 128 110 127 125 118 131 82 126 119 109 128 125 103 121 114 112 101 122 102 102 116 104 104 111 106 133 115 102 132 91 112 112 127 88 119 135 101 108 109 115 108 101 114 118 123 114 107 125 121 111 113 116 126 110 118 131 126 117 121 124 111 120 121 122 123 112 115 117 117 109 102 139 125 105 126 126 94 118 125 137 121 134 114 126 124 113 119 109 109 110 95 119 78 107 130 116 83 109 93 107 97 85 113 124 117 99 143 126 113 119 153 128 139 100 113 115 141 130 134 117 152 111 85 140 116 114 134 124 110 113
113 117 117 132 123 104 120 100 112 109 124 138 140 97 107 113 114 120 117 130 126 143 128 118 123 119 117 138 111 129 115 123 131 111 107 93 116 112 102 100 125 118 114 114 120 118 120 111 129 120 121 117 120 118 123 123 116 110 130 117 131 114 124 109 103 112 107 109 105 112 106 120 109 120 112 120 121 95 114 95 109 98 95 101 112 102 104 112 124 101 117 99 120 121 107 100 109 104 125 120 122 98 104 91 126 87 100 117 123 130 101 99 124 116 130 106 120 127 138 111 112 110 138 93 134 123 118 134 130 109 122 135 121 133
118 135 132 127 137 118 106 106 113 118 115 131 138 97 122 131 101 136 114 100 110 115 134 132 116 110 109 112 131 110 106 140 124 125 126 126 135 130 109 89 113 124 114 122 107 121 97 109 123 123 107 131 127 100 114 127 118 121 124 141 111 118 78 64 42 54 28 40 52 19 27 46 119 105 125 116 115 121 125 123 115 79 103 101 113 128 120 126 127 134 143 132 107 132 89 129 116 106 114 129 129 119 122 105 126 107 119 117 146 130 101 134 126 98 126 129 99 121 134 138 91 104 116 96 86 100 143 119 124 118 115 139 109 106
101 124 127 137 134 140 82 127 108 143 120 120 120 128 123 128 140 111 107 121 134 134 123 131 116 119 121 116 134 113 119 113 129 129 133 125 121 122 117 109 122 114 110 110 136 113 124 122 113 116 115 115 132 110 117 125 126 108 101 42 49 53 46 64 59 51 54 39 60 40 53 45 55 51 28 64 114 127 108 108 122 109 114 115 128 129 106 120 130 103 137 104 130 103 83 96 77 111 113 115 131 89 88 132 138 121 110 122 116 127 123 113 129 109 133 119 131 150 136 135 121 128 129 107 120 126 123 114 142 139 138 135 118 102
122 100 141 130 112 117 104 136 129 120 128 130 131 132 134 127 149 89 101 122 132 130 90 121 121 121 112 110 133 114 131 125 142 131 120 125 125 143 126 122 112 113 120 120 116 109 130 132 129 118 111 121 125 121 120 128 117 56 57 51 82 79 47 56 53 37 35 41 32 47 44 49 48 47 30 27 51 7 81 103 119 123 102 106 123 117 127 114 122 96 117 130 125 81 120 114 121 115 121 124 118 136 126 118 124 82 120 130 136 113 114 128 130 107 139 116 134 138 131 134 134 139 111 138 139 119 110 145 111 114 126 134 108 109
109 123 125 136 95 127 109 103 98 128 116 133 118 148 110 104 101 133 119 129 110 120 129 123 122 129 119 116 127 122 110 135 130 153 135 111 123 136 115 107 158 105 121 124 115 123 120 127 129 120 146 127 121 125 104 140 41 50 51 80 63 77 57 53 41 36 42 38 40 45 36 32 52 68 30 39 22 30 9 27 103 99 91 97 119 110 116 111 91 133 108 112 121 111 104 126 130 139 129 135 117 131 124 124 117 96 129 118 131 116 123 140 124 127 130 127 137 140 153 119 145 133 121 132 131 132 104 126 118 128 126 133 127 117
118 115 134 139 114 134 127 127 116 124 112 130 119 113 123 120 128 142 124 134 98 131 135 122 117 124 125 136 126 107 139 135 130 117 131 137 153 127 122 135 133 112 136 135 139 132 132 144 121 118 127 139 119 109 71 61 58 60 71 84 83 73 61 66 69 46 55 55 51 77 48 35 30 26 28 51 36 43 38 29 26 105 96 111 121 112 139 132 123 112 119 112 129 113 132 112 127 100 112 127 134 136 118 119 94 110 140 137 137 123 106 129 119 141 134 124 110 124 131 126 117 125 120 128 146 123 143 118 121 123 134 136 127 109
101 110 129 124 124 110 129 135 119 102 135 141 154 123 119 130 123 125 138 139 117 130 116 132 118 132 132 112 137 142 127 135 114 131 131 124 134 119 105 109 136 124 122 110 120 125 134 123 135 143 127 114 104 61 63 58 60 70 71 95 94 72 70 67 74 55 83 74 51 53 41 35 34 26 20 25 19 31 40 21 17 10 20 115 119 113 138 125 139 126 126 122 124 136 127 121 95 119 133 107 116 117 113 111 140 119 133 115 134 142 138 134 120 141 127 115 121 149 110 133 125 129 115 138 145 141 114 118 118 132 134 133 130 135
132 129 131 122 106 103 145 109 120 137 113 158 120 127 130 120 123 124 138 132 136 117 131 112 131 142 148 144 108 134 125 132 127 135 141 122 135 107 105 133 124 141 126 124 122 134 127 134 115 152 106 95 58 69 79 68 77 61 77 107 85 71 86 72 68 52 89 54 46 54 46 51 32 40 32 30 18 15 24 28 51 33 13 31 115 115 125 123 140 133 130 130 107 127 118 79 123 112 114 130 137 119 139 145 126 149 139 124 126 122 120 126 124 142 122 129 110 136 140 116 120 132 123 133 116 131 135 106 128 142 145 138 131 124
87 126 145 121 112 95 121 152 146 116 131 106 131 135 140 138 136 133 141 123 140 136 126 132 130 119 141 139 124 133 119 133 135 129 148 141 128 127 98 123 125 133 133 117 133 140 124 128 120 147 124 107 71 63 104 72 87 76 73 120 77 96 78 75 70 56 58 67 63 51 56 44 37 37 27 25 23 33 24 22 40 21 24 31 63 120 114 114 130 149 141 120 131 129 110 131 131 114 130 106 106 118 129 126 149 108 137 121 143 141 120 139 126 127 120 126 131 132 135 123 122 124 124 121 121 141 116 114 120 135 140 142 133 117
116 135 149 133 88 116 135 124 142 145 127 132 123 139 147 143 131 128 130 152 122 122 143 135 135 146 124 130 114 134 148 125 150 127 123 123 125 140 122 129 131 142 136 140 125 134 131 134 140 139 57 60 61 68 103 78 83 83 88 140 116 104 96 88 65 67 72 56 50 40 44 48 41 32 31 45 40 22 31 19 40 32 17 21 14 123 117 137 145 119 111 121 144 129 127 124 136 134 132 89 129 128 155 147 146 128 138 134 133 135 135 136 138 129 131 147 106 111 120 144 135 151 128 130 145 142 126 114 143 151 136 146 119 97
98 106 143 123 118 131 121 159 140 142 111 154 136 104 136 140 143 131 142 133 139 140 138 123 131 117 133 143 146 122 132 142 135 137 148 129 129 128 91 121 138 123 127 116 141 132 152 137 129 141 54 59 60 79 101 130 116 142 131 136 160 127 118 122 123 115 108 86 91 78 56 40 41 38 49 28 25 30 35 17 27 23 40 8 14 28 132 138 112 137 130 116 114 118 104 150 111 136 137 129 108 133 109 135 123 110 123 124 144 139 126 133 110 127 130 147 138 125 134 124 137 140 126 135 116 146 98 152 113 130 145 132 128 110
111 94 112 129 124 138 103 161 152 155 140 129 138 146 152 152 150 144 129 127 161 153 128 142 135 141 131 130 115 151 142 147 146 131 136 117 137 101 122 135 122 128 138 121 137 137 143 140 141 85 66 76 103 126 153 142 157 137 148 186 143 149 127 134 146 139 113 113 101 83 69 49 49 43 39 36 30 31 34 43 26 27 16 31 19 28 31 115 128 127 132 138 143 158 129 126 134 139 117 103 129 141 140 154 144 141 134 139 135 139 141 128 131 119 121 153 146 124 124 137 138 125 118 149 159 119 154 138 110 144 138 146 122 112
101 135 128 143 124 131 144 118 145 146 153 126 136 124 155 160 137 156 147 137 125 130 129 134 124 131 131 131 148 151 135 137 137 133 151 136 112 162 134 140 125 130 141 138 144 136 133 146 134 77 52 101 127 91 150 184 149 201 166 153 197 142 134 167 126 106 132 122 99 88 73 72 62 52 31 36 39 38 30 20 10 31 27 25 20 23 18 57 104 124 134 147 154 127 119 127 132 133 129 122 123 128 114 138 130 155 135 133 129 134 141 135 129 140 130 112 153 156 136 149 104 145 154 133 115 122 152 124 100 137 135 145 137 116
117 128 132 146 140 133 135 132 136 133 154 142 139 128 121 136 122 147 138 152 125 140 133 158 140 134 149 149 153 146 136 131 127 121 145 102 156 138 129 141 136 148 148 132 149 122 151 124 79 65 73 104 153 138 161 127 164 160 173 141 166 186 187 164 162 146 146 129 118 99 82 76 84 46 42 30 28 28 17 22 30 17 21 30 21 23 22 30 99 134 128 137 136 149 147 110 141 126 150 136 131 140 152 140 142 142 150 139 120 141 147 129 144 150 131 134 144 139 104 135 133 100 126 121 135 135 136 118 150 131 134 139 117 132
112 100 142 118 99 102 115 139 116 133 151 102 136 126 134 135 141 128 145 139 150 146 148 150 127 128 150 140 132 126 145 155 125 137 129 178 142 130 135 116 149 135 154 152 159 137 123 139 58 53 77 140 146 178 160 130 152 165 185 171 178 190 148 146 177 131 161 129 119 114 92 84 74 49 55 34 27 33 15 15 35 31 27 27 28 21 22 20 67 118 135 136 136 133 160 137 139 124 144 158 148 147 118 140 149 143 129 145 155 136 151 148 153 145 131 151 157 152 144 122 133 131 132 143 155 123 108 153 150 155 137 139 128 134
112 110 127 142 115 133 112 136 144 148 118 110 139 137 144 151 147 145 134 133 143 104 140 130 139 150 150 142 147 144 155 132 115 146 145 183 159 134 121 135 141 146 157 142 148 154 137 52 38 58 111 129 153 171 182 145 171 162 185 173 157 162 165 142 168 160 156 147 129 117 94 84 69 58 52 49 42 26 34 25 33 16 21 27 23 30 17 7 16 131 142 128 137 129 114 148 141 147 113 135 144 158 158 141 159 142 129 144 129 146 151 166 128 141 156 135 150 136 148 160 134 125 132 139 136 131 140 133 122 125 136 158 138 117
92 138 128 141 109 127 144 138 146 144 138 121 140 129 142 146 158 159 146 151 150 141 148 152 144 141 146 134 130 141 158 126 146 131 142 150 141 151 140 138 137 156 139 160 134 136 110 40 47 81 105 124 153 166 185 165 157 188 164 163 167 168 149 156 162 168 167 148 130 112 95 91 86 61 54 53 44 36 38 26 29 30 24 28 20 31 10 32 15 139 144 118 141 126 123 133 139 142 148 154 149 143 156 154 149 155 150 122 133 146 123 143 152 152 135 157 153 148 149 153 135 109 128 132 122 143 119 137 145 150 146 148 138 129
100 111 128 134 113 126 158 155 169 148 130 146 149 128 135 150 149 155 148 143 153 132 151 150 152 149 147 149 159 144 168 141 150 134 160 148 140 150 117 149 137 137 143 144 143 138 88 38 47 87 125 134 162 179 177 174 171 180 155 149 175 179 192 178 159 150 144 151 104 130 105 91 88 80 64 54 40 39 38 33 44 21 21 18 27 20 13 22 20 7 120 126 119 117 137 129 131 127 118 144 132 117 128 146 153 142 137 134 144 135 144 138 150 148 158 139 153 163 153 147 138 143 133 141 119 118 125 125 150 143 160 149 145 132
71 111 154 147 146 121 152 137 159 135 119 134 130 130 157 158 168 133 137 148 147 138 158 143 138 160 130 152 133 146 135 118 145 147 146 140 131 130 125 181 147 130 146 167 151 128 101 34 36 59 115 132 133 159 160 181 155 137 137 108 183 166 160 165 171 130 120 124 118 118 111 106 91 92 62 65 54 40 37 38 21 24 25 22 22 24 15 17 9 21 116 102 109 129 105 131 113 133 122 111 134 130 120 136 136 149 122 144 139 145 122 137 148 140 132 164 145 161 161 138 136 145 120 140 143 144 128 150 142 161 137 143 141 132
99 108 127 145 147 155 129 144 151 136 130 132 125 118 130 126 167 138 142 142 143 150 161 154 143 151 138 150 152 156 145 143 145 139 135 161 140 145 123 160 146 163 170 136 98 84 52 39 55 81 122 128 157 173 132 164 178 196 153 179 174 160 152 162 162 142 125 146 132 127 116 86 104 89 77 72 68 40 32 36 32 29 22 21 20 17 10 21 16 7 115 74 100 114 143 123 115 118 128 103 128 132 144 139 90 141 123 133 141 140 129 133 115 128 149 141 152 146 151 144 133 155 136 138 137 143 141 138 132 143 136 139 143 142
82 87 135 133 148 121 149 147 160 149 108 145 122 105 126 117 153 123 153 160 158 160 155 157 137 153 154 136 141 160 111 151 124 130 151 147 127 135 133 137 156 146 146 157 93 42 46 55 43 101 114 139 136 159 129 186 167 170 151 171 181 168 154 152 150 132 157 161 134 117 107 116 102 77 112 75 61 65 18 20 30 26 25 21 19 24 25 24 19 14 1 101 88 100 102 97 130 93 123 104 100 123 126 130 139 144 136 140 134 130 142 140 128 141 160 151 132 133 155 138 123 154 141 140 133 128 132 131 154 139 171 156 147 138
69 102 120 131 106 74 149 162 130 164 73 93 119 124 153 117 140 147 155 148 159 158 135 141 132 144 147 147 150 154 130 138 143 163 143 156 144 171 163 158 160 155 157 94 122 40 63 52 58 95 97 165 152 139 124 182 200 157 169 174 185 153 189 148 177 176 145 130 116 115 126 135 135 132 120 96 82 46 35 36 39 21 16 27 43 34 18 6 17 59 7 89 94 85 67 117 128 95 106 98 125 134 129 116 135 131 118 107 138 142 143 163 147 141 156 158 143 145 154 142 147 145 160 148 143 133 136 106 130 140 151 159 157 133
111 99 101 110 129 121 103 88 102 108 115 108 108 101 111 166 123 150 145 189 137 104 117 123 157 133 169 126 167 168 160 159 172 164 160 133 139 175 146 144 135 152 133 107 63 59 58 38 62 148 153 154 176 146 118 140 189 149 172 183 171 174 182 172 175 167 149 133 119 144 99 133 131 115 104 93 72 55 43 31 22 33 22 17 28 22 35 18 19 15 11 78 90 108 94 111 59 69 128 123 130 102 139 118 126 156 95 112 150 138 142 146 140 153 160 127 158 140 151 139 149 143 128 140 138 138 144 126 132 144 158 138 146 111
93 100 92 102 125 59 101 121 97 87 132 103 93 94 109 144 150 140 138 150 124 112 96 131 128 113 133 140 142 172 162 183 170 169 173 158 154 143 126 167 181 166 140 130 31 61 77 43 73 100 130 123 159 134 145 176 159 159 164 137 144 179 157 150 131 146 145 135 153 130 81 121 101 108 94 107 82 48 40 12 24 21 16 18 22 31 26 28 15 19 33 92 90 83 77 104 88 110 110 121 109 106 107 118 114 148 120 98 132 135 111 149 142 134 132 149 150 136 153 149 146 142 126 152 123 123 118 128 122 127 147 142 129 98
58 68 111 87 95 107 121 102 93 113 108 72 105 108 104 104 142 119 119 106 142 126 113 116 110 107 125 138 117 119 153 150 147 156 164 129 156 178 160 150 172 143 86 103 85 49 49 60 61 95 112 132 137 140 134 151 134 187 157 160 161 165 145 124 121 116 121 142 125 132 130 121 126 77 111 83 80 52 35 28 15 22 25 18 30 19 33 45 25 11 29 98 44 90 58 99 117 113 105 96 96 100 84 139 99 134 107 87 150 133 133 142 154 157 144 142 139 141 150 161 157 158 143 142 131 135 139 120 146 103 128 105 109 83
49 55 57 95 78 103 79 85 81 92 125 100 108 110 124 98 94 125 106 111 131 119 123 98 111 97 104 89 105 96 118 127 174 139 145 170 148 153 160 153 154 143 71 88 72 41 34 46 52 131 140 135 128 107 114 122 144 143 134 150 142 128 106 86 106 96 91 102 95 100 96 92 101 78 90 73 60 54 37 24 23 30 17 30 25 17 20 13 22 34 31 116 60 65 91 81 71 89 113 93 107 114 112 101 108 99 74 109 96 130 138 131 133 154 145 137 138 146 154 166 150 144 144 114 143 127 115 126 126 97 119 131 105 101
55 64 96 80 72 62 96 112 93 102 90 91 71 115 92 118 102 92 104 78 112 100 102 111 109 86 94 106 119 117 108 110 141 158 146 145 167 177 164 154 163 140 82 80 75 39 49 53 53 89 127 101 111 76 90 95 115 146 137 139 131 105 85 79 91 96 93 91 70 69 68 71 78 63 88 70 71 61 45 33 43 34 30 18 23 28 25 25 27 40 26 69 67 64 104 99 56 84 87 98 101 99 106 111 120 94 85 123 124 136 163 137 143 155 153 144 135 165 150 145 165 154 134 146 141 107 138 127 130 121 121 133 120 121
45 62 77 77 76 82 84 90 90 85 117 99 97 106 106 123 84 79 85 103 89 116 106 102 78 91 92 88 111 97 88 104 126 157 137 170 168 155 153 151 130 151 58 81 53 63 51 59 56 97 70 80 152 143 114 115 82 122 130 146 134 84 71 64 83 126 128 95 91 93 84 43 82 50 61 89 74 70 43 35 33 87 38 10 22 30 27 22 24 30 24 44 99 69 75 62 101 84 76 99 101 140 103 91 72 93 81 120 112 114 144 139 154 160 151 147 166 155 169 151 136 143 149 143 123 124 128 130 120 113 133 142 121 114
50 69 64 47 77 103 91 93 75 97 86 95 110 98 116 117 93 109 87 115 103 90 98 96 84 101 100 100 104 109 102 95 103 144 168 156 152 162 159 154 135 136 71 81 70 47 45 46 53 88 69 58 97 65 52 67 111 79 160 162 116 82 77 111 110 114 143 59 51 71 58 54 63 81 103 104 91 78 58 29 25 55 23 29 16 44 29 30 25 20 57 46 82 65 83 41 56 66 79 78 65 87 99 118 56 81 108 100 90 107 146 132 135 145 139 161 149 145 165 152 145 147 142 128 130 120 127 121 130 136 165 121 100 115
71 57 56 33 74 70 93 119 72 119 96 125 105 112 92 125 77 100 104 89 111 87 85 84 84 83 103 98 92 115 94 98 98 150 141 163 94 143 146 140 151 131 105 58 42 47 38 44 67 128 107 105 153 112 76 70 102 111 178 170 122 83 103 106 150 146 150 79 85 99 113 105 124 130 147 122 94 65 46 34 24 44 22 14 9 14 18 26 28 18 24 15 56 60 66 67 56 71 68 82 68 73 78 98 88 93 111 92 82 106 120 148 162 155 172 148 148 132 154 134 124 123 131 127 118 99 114 104 117 135 145 128 90 84
42 51 62 41 72 64 80 94 82 87 86 113 96 98 100 72 119 104 91 96 115 105 68 73 72 72 104 65 98 108 99 116 152 129 157 135 98 111 114 100 127 126 115 53 77 49 41 38 52 114 93 139 138 135 112 104 131 128 148 168 118 91 73 115 127 140 128 142 122 116 99 126 124 138 128 116 92 64 44 41 38 26 37 61 11 17 31 27 34 19 35 17 92 73 67 72 72 75 81 77 65 101 106 86 107 81 94 107 78 102 111 142 150 158 158 163 146 164 160 153 146 127 147 156 143 114 117 105 117 129 124 124 99 115
54 57 22 82 100 95 92 95 110 121 114 75 91 113 112 114 55 80 77 93 92 133 66 79 89 81 108 90 86 110 82 103 113 108 129 101 102 94 91 94 129 118 95 91 65 45 46 44 50 127 151 124 117 105 103 106 142 145 157 161 113 107 103 108 136 112 123 115 96 117 133 150 128 152 120 113 88 67 47 27 24 9 68 6 36 8 43 21 23 35 35 50 48 59 61 57 75 64 75 73 72 85 93 72 77 71 96 90 91 88 102 147 150 158 129 142 150 139 176 149 121 152 145 125 113 125 117 89 103 121 125 135 103 109
93 45 72 68 89 79 79 95 95 110 86 104 71 108 103 93 87 76 85 90 102 94 79 55 87 56 75 93 74 78 62 104 89 134 114 97 69 91 91 82 113 20 102 88 38 46 34 36 58 156 173 134 185 148 161 168 156 172 151 156 116 117 96 142 146 178 134 168 197 158 153 148 146 134 124 122 90 75 40 33 20 34 37 6 22 9 12 14 31 28 45 34 49 87 56 56 79 78 84 88 95 86 97 69 75 71 81 86 88 79 92 112 141 142 133 137 157 135 136 133 131 150 148 126 125 129 114 110 118 133 129 140 106 123
57 27 68 74 90 78 58 70 89 74 81 68 59 105 101 81 95 76 113 89 69 59 75 79 108 84 75 63 69 93 70 85 89 84 89 66 79 102 57 59 124 81 81 105 38 33 31 19 60 137 148 131 160 176 159 154 135 162 177 149 123 127 139 151 141 162 162 164 182 170 164 146 129 119 113 106 92 50 32 16 21 66 53 39 22 37 24 30 21 26 36 26 72 62 84 40 78 83 82 100 85 71 62 83 72 58 93 88 75 79 89 109 135 146 148 113 137 131 121 122 160 149 133 141 124 128 115 133 141 103 126 101 116 126
41 86 74 85 74 80 97 81 55 49 52 84 113 72 69 58 53 89 89 100 74 58 90 60 77 76 60 72 89 69 72 62 68 70 77 75 88 99 63 73 129 70 70 62 50 49 33 34 54 95 154 167 158 182 180 142 157 156 159 138 121 95 146 161 141 199 158 105 168 184 158 144 150 116 123 90 68 48 38 22 52 22 66 32 20 48 21 26 25 15 27 26 58 101 93 92 85 76 94 48 63 50 88 70 61 66 49 100 84 85 94 96 124 142 135 115 134 139 140 124 144 136 132 127 132 113 141 131 126 106 137 126 110 126
44 51 103 101 113 80 82 91 77 76 53 77 106 87 93 74 76 73 110 111 81 62 51 80 69 49 54 85 70 74 73 98 75 65 107 74 80 84 72 71 118 75 65 47 48 25 47 36 35 111 133 177 129 152 183 150 114 178 171 164 120 132 120 123 146 170 176 168 145 153 161 135 140 110 91 79 70 46 36 46 56 49 24 21 50 46 26 25 23 44 49 29 90 84 125 134 160 171 112 115 72 96 96 109 107 104 104 93 76 90 80 81 81 109 127 114 126 122 145 143 132 107 131 106 138 128 111 120 130 123 115 97 109 106
53 71 110 95 58 53 66 92 78 76 60 79 38 87 73 90 64 58 92 66 86 79 65 90 84 68 71 74 84 66 74 59 75 67 52 69 75 73 76 73 83 89 90 85 48 46 42 37 36 108 137 163 158 190 146 154 170 145 171 136 144 128 118 135 164 166 142 128 172 165 140 134 127 106 92 78 60 41 24 21 11 7 54 8 74 19 12 26 7 26 39 34 36 35 111 66 51 136 110 102 116 121 97 127 126 109 114 103 135 87 109 123 129 116 125 147 121 130 135 120 118 95 91 106 106 131 118 106 114 116 121 113 102 102
67 68 83 65 111 66 59 46 83 70 80 94 60 90 87 98 57 70 93 85 77 101 80 91 89 73 67 92 62 78 67 74 79 62 43 65 63 51 31 71 33 69 41 52 47 36 47 38 41 93 127 146 149 144 153 140 141 167 167 162 127 102 110 126 183 149 159 158 145 148 157 125 101 108 96 73 65 49 28 63 29 13 26 58 20 42 14 50 27 23 20 24 16 40 45 75 54 71 93 64 71 71 88 109 93 76 95 119 95 106 121 117 121 121 127 105 113 134 117 116 111 113 89 108 97 96 119 123 126 109 125 109 75 78
17 42 111 72 110 85 51 50 65 78 105 71 78 88 111 63 62 58 66 95 76 108 69 79 80 51 91 72 52 84 62 67 101 61 68 76 47 77 45 63 30 45 41 69 26 42 45 24 23 84 114 131 159 153 132 136 122 198 151 135 117 113 123 116 142 167 149 162 133 154 130 120 109 94 76 60 49 35 33 57 25 32 27 14 15 12 22 16 19 13 14 16 20 63 45 71 23 36 28 65 81 74 68 76 61 57 62 79 74 81 86 87 101 100 96 119 105 77 99 69 85 95 103 86 83 81 112 89 103 77 95 78 74 93
59 53 86 74 70 64 67 79 44 80 67 94 69 106 81 105 70 86 57 89 101 92 82 89 78 72 67 86 77 68 69 76 55 87 88 82 63 86 77 56 90 65 40 41 26 32 42 44 34 74 111 140 144 161 130 140 132 158 147 118 82 96 93 90 141 168 165 148 147 133 118 107 97 104 89 74 48 30 37 36 40 30 42 29 48 27 32 17 16 24 62 11 35 20 22 68 48 56 79 82 70 76 88 58 73 53 65 53 76 91 82 85 94 87 79 97 80 89 93 88 100 90 87 63 90 98 96 63 81 72 89 78 105 92
40 92 74 45 73 48 59 63 32 67 75 83 63 54 109 81 76 57 76 46 61 68 73 84 87 69 69 108 73 94 94 74 100 58 70 70 72 61 62 63 116 38 51 29 56 34 34 14 27 42 84 117 134 122 161 148 141 120 126 73 39 44 89 71 144 148 141 142 119 120 128 101 92 86 66 80 50 42 37 29 17 97 26 6 33 41 8 12 16 58 52 34 62 54 61 51 64 62 37 53 57 70 51 76 51 55 49 79 55 70 60 90 82 82 88 81 91 94 97 107 121 98 79 85 86 74 86 86 73 44 66 106 91 100
75 61 78 85 93 37 85 41 39 54 68 61 55 74 71 76 78 81 78 93 47 69 76 67 78 98 55 61 103 95 79 89 71 78 112 63 72 70 88 53 51 51 60 52 31 22 59 48 44 29 79 109 129 128 146 150 150 149 80 73 58 61 71 100 138 133 144 126 130 112 114 97 97 89 72 60 40 43 39 46 19 25 25 24 4 54 37 72 12 34 4 39 20 31 37 53 45 68 29 51 95 54 47 49 66 53 37 37 76 81 46 90 74 68 71 69 76 87 78 84 95 70 65 92 54 105 90 75 70 63 98 97 106 92
43 77 72 33 70 60 56 48 96 48 83 71 58 59 58 96 50 82 81 54 61 84 64 87 96 87 56 60 69 83 65 73 93 45 104 69 66 61 52 52 48 34 33 35 21 38 45 46 91 40 88 103 123 110 134 144 161 155 115 89 79 102 107 113 114 126 113 128 136 135 101 107 94 80 78 51 51 32 53 38 33 25 26 55 51 26 6 22 21 5 36 32 19 32 69 57 57 75 87 72 91 75 104 108 72 55 62 75 63 103 65 69 68 85 66 56 69 67 88 89 51 66 87 69 88 62 102 87 85 89 45 92 104 86
52 65 38 50 63 29 64 40 47 48 74 70 68 48 52 69 68 63 77 72 72 77 73 71 77 97 89 69 69 64 74 85 99 73 62 81 79 62 67 50 64 57 34 31 18 36 35 66 32 42 57 112 119 97 123 114 156 152 147 125 118 102 115 104 97 83 101 103 123 128 120 98 85 84 81 53 58 40 35 22 41 26 25 40 19 27 28 8 6 10 22 20 25 56 48 77 61 24 33 69 67 68 58 98 101 55 73 87 49 77 81 66 74 83 74 61 83 88 108 88 105 90 72 77 72 66 61 68 45 67 69 103 90 114
43 52 56 56 56 72 75 52 52 99 104 73 70 91 68 64 79 55 92 63 81 87 114 76 71 59 45 69 66 55 82 66 52 70 63 51 77 65 43 59 86 63 96 33 57 49 62 49 36 27 44 102 115 112 122 84 67 115 110 102 93 78 65 68 54 80 130 141 136 122 112 103 84 75 90 77 51 42 42 35 20 18 39 49 11 14 7 12 18 7 35 16 19 28 72 59 45 31 84 57 50 62 55 99 71 79 65 88 64 65 75 78 81 55 77 77 73 71 99 100 88 85 79 77 39 66 72 67 95 87 59 47 101 107
44 47 73 55 67 53 76 84 70 19 96 68 50 72 62 68 62 113 83 60 81 86 120 110 64 62 54 98 53 69 48 61 85 111 64 85 69 60 61 63 74 76 32 35 49 53 36 35 28 60 26 82 118 125 132 135 163 141 158 128 130 96 104 103 105 126 130 150 129 127 98 115 85 88 88 50 39 45 34 31 18 38 32 38 9 26 87 16 23 6 28 40 18 28 56 76 66 59 66 54 96 91 70 59 65 75 58 64 59 82 68 92 81 89 100 99 66 78 69 92 79 76 67 101 71 111 95 51 63 54 82 74 79 88
45 51 47 54 60 54 24 55 119 61 60 82 50 82 51 88 76 64 43 79 82 58 67 90 78 47 70 40 88 90 87 68 75 77 32 48 53 71 67 57 66 72 52 33 48 55 34 25 24 34 34 57 95 118 127 138 143 138 137 120 119 104 109 91 113 132 115 127 129 114 97 104 92 71 91 53 51 43 34 41 68 44 82 48 23 22 23 26 10 38 30 47 17 37 65 78 58 78 81 104 103 91 76 54 78 82 74 85 87 68 84 59 68 78 69 89 102 59 77 86 92 106 62 71 75 53 60 68 71 49 68 80 127 137
34 44 64 60 63 60 55 77 97 42 111 52 79 64 77 86 76 103 66 55 81 84 65 47 65 73 48 54 63 61 66 49 62 33 42 63 42 84 74 67 91 74 75 58 43 37 19 28 63 11 18 20 79 91 114 118 147 135 117 88 83 89 111 104 111 112 106 113 121 104 94 92 63 43 70 55 43 35 26 30 26 23 26 14 15 15 23 7 59 26 4 58 53 31 58 75 79 38 57 96 65 78 64 65 75 46 82 70 94 100 110 65 82 79 79 76 70 69 86 39 75 65 81 64 81 74 84 67 74 64 86 80 91 108
45 46 61 52 57 40 48 65 89 67 42 46 94 61 31 80 67 67 80 79 68 41 62 74 36 36 75 71 72 68 98 56 32 51 52 80 84 85 47 46 62 56 68 57 36 38 47 12 15 19 44 41 36 65 92 117 123 127 153 127 129 116 119 147 88 110 109 111 87 94 71 59 62 49 83 60 41 40 30 26 14 32 32 6 19 15 28 6 21 10 35 15 77 49 57 100 82 67 74 75 107 71 95 81 77 35 68 60 66 74 69 96 64 52 102 68 63 49 64 58 66 75 73 67 91 102 83 85 86 59 86 90 104 99
50 38 52 47 45 79 48 61 52 50 61 82 50 99 98 58 78 81 66 90 71 77 105 69 59 75 57 69 87 93 71 85 61 73 66 88 72 85 69 82 104 78 53 76 34 49 36 48 29 42 38 30 47 33 64 113 141 159 172 159 148 145 142 121 120 115 112 93 89 80 78 70 53 50 76 39 35 24 28 24 25 16 16 16 7 32 58 9 6 14 33 26 78 42 53 80 32 63 64 31 106 97 100 105 85 82 89 88 56 89 90 60 76 72 63 80 43 57 70 76 57 77 107 92 60 94 80 86 73 60 60 87 88 67
48 50 29 32 43 45 59 45 47 74 58 78 66 50 57 47 66 69 68 60 19 59 73 79 28 28 81 31 52 113 88 67 94 69 78 62 77 89 98 99 63 62 55 45 60 61 46 40 34 20 30 34 30 22 38 68 113 156 151 161 164 143 117 114 107 115 102 85 69 48 55 48 58 64 43 48 37 22 31 36 23 93 41 28 34 56 20 16 12 22 11 14 88 29 49 73 71 69 115 86 75 86 84 69 75 91 43 77 68 81 90 80 92 92 72 81 77 75 67 75 60 117 111 65 116 105 87 79 89 46 55 93 94 48
39 41 39 46 35 55 64 49 51 57 63 56 69 81 87 63 81 58 58 58 69 62 81 55 67 48 74 70 42 23 50 70 94 49 73 65 84 74 54 58 109 54 56 38 58 30 55 49 57 42 44 32 40 38 39 54 51 121 159 143 145 126 125 115 105 100 78 64 73 62 59 54 42 34 44 31 29 25 31 22 41 40 33 21 37 16 19 21 19 23 37 31 18 77 56 72 74 76 45 105 75 106 95 89 75 72 56 73 66 101 76 76 90 39 54 71 80 64 47 73 79 87 79 70 76 99 79 77 68 56 98 63 83 108
32 49 61 43 51 57 41 36 36 61 46 46 56 46 85 74 52 66 59 73 77 83 72 36 49 59 33 56 62 68 48 67 67 39 55 93 54 96 102 87 103 106 71 70 65 10 109 33 54 29 60 30 15 25 25 50 40 64 103 148 123 104 101 87 75 73 56 65 70 49 63 49 31 43 63 79 37 56 35 12 27 17 30 9 21 4 67 35 12 49 76 30 43 35 11 77 68 80 64 74 47 90 94 74 88 99 82 67 55 93 45 69 82 64 88 86 88 67 78 74 82 69 67 81 116 89 91 85 59 85 92 82 118 77
49 34 45 48 27 82 22 89 51 57 102 79 73 53 75 72 65 59 68 64 57 58 48 37 61 42 54 44 54 67 108 87 59 99 60 48 100 100 132 127 92 80 44 47 30 31 32 19 47 18 38 21 20 19 23 20 59 57 57 60 59 83 56 58 50 62 46 54 58 56 51 48 48 48 60 61 57 28 24 27 29 22 54 21 34 79 31 40 27 26 15 26 52 65 25 62 40 41 82 52 93 63 75 79 46 60 52 61 72 91 63 72 91 52 105 100 67 60 58 70 70 98 28 67 134 89 84 88 72 50 55 101 96 92
39 42 51 61 40 50 51 92 100 42 70 71 41 75 49 70 69 57 107 74 75 59 48 51 62 47 25 63 61 89 66 64 114 77 76 54 88 76 109 86 122 102 64 78 39 37 27 40 23 40 45 22 14 27 22 53 37 29 52 39 57 57 50 51 62 56 73 33 41 28 55 47 26 66 33 53 49 48 41 31 28 41 24 46 13 24 16 39 28 30 19 40 30 33 15 77 104 105 79 103 81 99 48 55 105 71 16 113 35 47 72 75 62 36 87 36 81 68 56 45 83 63 64 81 61 60 118 91 80 118 100 105 73 71
42 49 49 31 36 43 72 56 53 51 30 69 94 50 53 95 84 92 50 80 74 53 78 61 65 62 71 29 76 29 111 101 96 111 126 120 105 81 112 140 103 94 58 59 42 31 37 35 37 27 36 24 17 28 28 28 47 21 19 27 48 68 48 32 37 56 87 52 74 37 37 52 69 54 43 38 60 47 54 28 49 12 83 46 8 23 25 19 10 13 38 37 30 35 36 12 68 79 48 48 38 73 89 73 73 74 71 72 51 37 90 82 54 73 81 88 59 33 57 63 70 67 72 83 81 91 43 93 94 78 80 108 76 51
41 48 49 53 104 77 28 63 56 40 57 52 122 55 62 51 82 59 59 101 97 86 94 99 92 94 110 68 96 107 76 97 79 82 112 77 115 117 75 102 87 143 68 76 81 13 35 25 27 35 33 33 34 28 31 36 47 36 61 53 68 69 72 70 49 58 52 40 54 53 42 51 67 75 46 78 72 71 61 45 43 41 12 25 21 13 18 90 23 33 38 56 22 29 16 46 77 55 68 77 59 50 87 73 87 80 77 71 66 14 60 88 64 60 54 74 70 74 80 90 86 68 77 58 69 95 64 61 76 79 128 89 70 74
41 45 48 36 51 42 48 54 48 48 45 73 55 55 43 82 72 56 97 68 87 56 70 98 56 72 96 79 108 91 104 149 70 85 124 86 84 94 76 64 102 89 83 66 34 39 34 22 38 28 35 42 45 35 29 37 48 46 32 33 52 105 95 93 92 70 55 68 49 56 52 51 46 64 63 51 78 79 48 54 46 45 24 24 28 22 38 25 28 23 34 23 22 40 28 53 56 74 83 65 45 108 36 93 82 52 63 69 67 46 64 101 56 47 83 62 93 44 72 53 70 49 56 61 56 78 97 65 98 89 99 81 80 96
47 42 40 38 65 68 45 41 55 49 52 70 60 49 40 57 86 38 90 50 88 56 102 109 65 111 89 119 98 132 81 102 84 113 96 101 101 69 76 95 120 96 100 86 43 35 42 20 21 53 37 28 33 26 33 31 44 23 29 54 39 99 116 79 96 71 67 59 63 93 51 93 74 84 94 89 79 59 60 74 72 29 38 33 21 26 20 25 10 23 32 33 29 28 34 89 61 53 57 45 88 57 59 60 63 59 62 82 67 63 76 69 82 66 79 39 73 95 78 99 79 75 87 63 79 78 64 73 93 76 81 91 90 95
71 40 60 52 49 47 41 79 71 40 44 49 49 59 48 72 88 75 59 89 100 79 93 92 109 94 113 88 94 72 117 78 97 106 110 80 101 70 82 108 77 81 59 79 41 103 44 28 42 43 35 24 50 38 32 27 26 42 50 19 73 118 124 121 113 94 80 73 87 72 78 71 60 86 78 95 94 90 66 34 35 56 32 29 10 38 20 39 24 24 35 34 20 41 22 42 26 50 72 81 91 92 95 88 85 102 89 79 85 68 63 95 67 88 92 103 90 106 104 87 97 102 98 77 98 78 77 76 99 71 84 116 137 80
56 63 38 62 59 79 47 67 74 98 84 53 59 78 108 85 58 85 93 88 29 82 118 91 98 88 69 91 79 73 92 70 69 91 117 121 68 72 102 91 111 66 76 71 31 53 25 50 20 29 15 38 32 30 49 37 38 45 32 29 28 102 124 131 109 107 112 106 73 92 62 111 84 79 106 90 90 103 75 60 52 33 31 30 21 20 12 20 79 29 35 36 48 34 36 12 30 60 58 79 117 100 87 74 61 66 110 94 93 105 87 108 87 82 82 103 94 81 87 121 149 123 107 116 104 91 111 114 82 102 97 105 91 74
58 46 37 53 45 53 54 77 67 97 78 85 87 87 108 63 80 86 67 86 92 72 112 67 68 98 73 83 65 119 83 108 86 81 110 62 114 119 127 65 80 68 110 85 35 57 11 30 31 27 17 99 36 29 34 38 32 31 35 45 38 108 123 116 117 124 126 100 102 93 102 80 86 87 98 95 110 84 54 80 33 43 40 40 43 35 26 16 22 30 37 32 25 31 25 27 29 47 55 74 75 82 67 73 55 82 100 75 91 110 124 111 82 91 99 97 123 94 116 93 73 95 72 78 81 79 89 93 74 65 99 96 80 86
59 59 56 75 82 68 51 81 90 55 48 40 69 77 79 80 95 125 100 103 88 61 100 71 79 82 43 73 88 38 122 103 73 66 75 88 84 91 90 154 116 66 79 82 35 9 14 13 27 32 23 33 23 31 39 42 39 34 61 52 62 85 118 124 137 132 105 107 110 109 72 97 106 123 118 85 129 102 107 92 67 46 35 37 39 57 43 33 17 26 51 42 21 18 50 42 21 45 41 12 45 45 39 49 61 52 60 80 84 106 102 107 87 112 101 123 111 92 99 110 98 92 62 95 91 85 79 84 91 85 91 124 119 82
47 58 68 85 81 75 97 88 69 96 103 82 95 98 99 108 130 110 81 68 85 73 61 94 76 54 35 59 85 45 82 99 73 140 73 73 45 65 66 45 57 76 84 44 31 75 63 60 33 32 21 25 22 45 42 31 36 44 60 81 95 98 122 122 136 124 124 129 122 118 120 111 107 127 98 132 142 135 148 98 111 85 42 39 29 28 29 37 46 36 76 46 42 45 48 14 26 43 36 25 44 31 61 58 50 49 71 65 44 69 47 65 56 80 91 113 131 111 84 85 83 66 78 86 116 110 97 101 65 79 66 65 72 70
67 64 74 56 78 50 97 81 83 62 80 91 95 97 75 101 101 55 72 111 75 72 103 41 49 37 64 85 84 72 62 51 80 57 91 68 49 62 32 35 30 52 37 61 28 17 20 53 53 43 31 92 22 51 43 55 52 32 102 112 127 120 117 153 136 141 125 119 118 110 111 112 110 100 95 109 119 158 108 117 83 50 48 65 26 40 41 62 33 35 90 53 29 54 49 34 25 16 38 26 55 49 56 47 52 35 66 51 50 47 38 31 66 74 72 118 123 118 97 122 100 92 94 74 124 102 82 84 48 89 95 109 83 87
66 69 61 60 69 95 89 90 107 100 93 65 92 104 102 73 119 93 90 94 56 49 87 78 77 54 63 101 63 58 32 82 32 62 47 47 32 42 21 51 35 54 64 36 18 48 27 28 48 72 39 38 38 32 61 60 50 92 112 129 146 148 118 178 122 119 122 126 129 123 138 153 138 152 116 133 163 163 153 134 104 55 41 40 54 49 37 44 57 30 64 56 31 18 41 13 25 23 39 46 20 49 40 7 44 62 62 49 73 59 42 46 79 61 84 93 93 91 86 73 83 102 84 121 111 98 100 87 96 95 83 78 96 67
80 79 64 53 64 98 79 82 72 64 82 100 60 119 136 71 55 105 57 38 52 63 47 61 65 53 42 53 63 58 48 55 47 55 37 54 47 45 38 56 69 10 63 21 30 23 37 39 28 69 30 25 46 56 72 99 125 104 127 124 118 140 151 163 135 128 114 159 128 120 148 148 151 170 151 122 122 122 133 66 89 84 45 86 23 48 37 62 62 28 62 45 40 32 38 11 21 31 14 64 45 48 57 40 50 70 72 103 97 114 54 86 90 88 113 114 130 117 114 86 74 94 81 115 111 107 96 99 74 42 110 68 128 95
70 57 69 54 68 69 76 87 82 98 74 72 79 70 61 74 74 65 88 95 80 75 99 70 100 69 49 73 74 67 56 41 59 61 59 85 68 38 82 27 33 45 15 49 8 42 35 25 41 19 45 69 65 78 101 94 92 126 165 133 189 140 171 159 93 182 144 144 147 167 162 142 170 116 114 142 126 184 135 118 169 104 74 84 30 39 74 38 58 56 66 59 38 33 49 36 23 17 42 56 75 122 102 114 112 86 103 134 110 95 120 121 106 115 130 133 118 78 98 80 89 82 83 97 90 85 90 112 72 97 64 81 94 48
79 61 63 52 97 45 69 72 82 65 64 49 71 88 57 70 93 102 76 68 75 84 55 39 75 91 65 60 66 47 40 62 86 50 31 39 24 34 58 33 19 46 14 20 23 29 61 34 35 32 28 41 60 79 148 101 148 146 141 130 126 71 173 144 185 127 146 184 129 178 163 164 192 159 171 174 123 145 145 120 154 121 56 63 37 25 37 98 60 55 61 60 40 35 26 25 16 49 31 31 26 24 82 66 83 96 130 106 106 114 133 142 134 123 97 99 105 99 83 126 100 77 91 89 87 55 87 74 100 59 88 59 89 36
68 81 62 59 65 47 83 70 41 90 61 51 72 82 79 72 82 54 79 90 80 86 89 66 97 97 74 94 64 56 43 42 63 77 32 36 51 51 63 36 23 42 61 17 25 33 65 46 38 48 79 58 120 100 134 151 148 116 148 162 156 176 182 202 175 161 153 146 129 155 172 137 181 163 159 120 150 164 141 140 104 95 75 53 41 49 59 49 66 49 41 25 38 40 29 33 47 20 31 39 20 55 49 41 42 63 79 76 139 133 132 126 122 105 110 116 115 106 101 103 55 104 78 101 101 75 81 113 64 83 94 67 103 57
88 78 65 80 76 49 71 50 49 60 60 63 81 53 82 80 85 74 116 66 79 69 60 75 82 74 77 56 57 48 25 68 68 48 46 23 44 39 92 57 45 63 18 32 16 38 31 36 80 32 56 85 107 135 126 115 155 163 186 159 171 115 137 144 178 164 162 164 181 199 199 157 136 178 193 210 144 116 109 99 112 96 77 71 29 67 67 99 42 44 47 75 34 26 44 57 74 39 36 39 26 37 51 70 46 46 71 66 123 129 121 129 99 108 80 114 111 130 92 75 117 102 95 99 120 84 92 92 72 104 87 95 106 82
80 69 71 60 95 80 75 80 58 60 54 44 77 88 75 65 80 94 90 66 61 95 79 105 83 84 44 52 40 78 50 58 66 62 40 39 45 39 94 53 42 34 24 24 24 38 17 29 29 87 54 122 105 162 160 153 169 187 181 144 197 169 191 202 168 162 170 156 160 141 172 183 149 154 167 180 142 148 176 135 134 101 64 97 65 43 62 79 56 44 30 29 33 33 39 43 38 21 38 29 24 27 29 48 49 56 58 59 94 140 127 145 155 161 110 63 123 131 105 126 91 93 85 101 117 116 107 97 117 96 124 68 85 98
71 81 84 70 71 88 69 58 72 65 65 55 79 62 78 98 85 68 76 64 69 78 73 87 95 55 60 51 42 43 58 55 59 49 60 26 50 70 122 48 36 39 8 64 20 16 21 37 58 62 67 95 130 163 167 149 181 188 154 190 159 169 177 191 172 190 170 186 146 133 163 178 204 166 175 173 176 140 162 135 147 134 75 49 58 49 34 70 45 51 33 6 38 37 23 36 44 53 44 25 32 47 36 33 28 60 79 66 75 106 90 130 125 109 121 137 133 137 120 137 147 128 81 132 93 104 107 106 110 78 122 75 91 107
63 104 88 80 53 85 68 77 62 72 71 59 49 88 76 83 59 105 96 96 88 109 82 109 87 80 65 64 53 57 49 53 67 63 87 36 81 73 80 55 45 27 20 35 28 34 46 50 47 47 81 109 179 147 189 161 182 173 186 182 199 159 192 162 163 132 168 155 197 156 182 183 173 156 178 175 139 138 143 71 110 89 85 52 47 70 55 93 70 65 40 46 36 21 36 35 21 63 62 39 62 25 41 29 79 46 81 66 30 58 81 105 54 92 91 101 92 75 102 94 90 80 118 120 110 120 89 114 78 114 90 91 85 106
53 76 89 65 72 96 68 58 97 80 74 77 99 98 106 118 82 125 67 99 109 110 92 75 133 65 71 81 68 76 51 51 66 56 51 63 62 44 48 57 37 23 46 42 78 36 52 61 74 74 99 118 131 169 163 174 204 163 214 142 187 160 146 153 173 182 160 171 165 186 150 210 163 161 155 181 138 153 94 148 85 95 44 61 71 44 42 64 67 47 57 13 12 62 32 25 52 62 78 49 50 49 62 30 53 34 52 54 56 50 96 75 68 99 97 82 99 107 67 88 106 109 81 96 145 105 96 99 80 114 84 118 102 108
77 72 68 87 64 70 73 89 74 84 74 61 72 74 64 125 81 87 90 113 119 123 111 97 100 84 86 97 52 56 72 73 66 68 69 53 68 54 57 35 17 23 22 50 21 34 67 144 55 92 138 134 206 176 173 186 165 206 193 197 159 171 144 193 198 175 172 161 199 175 186 157 180 176 142 155 178 138 137 143 91 72 79 55 50 62 51 87 97 24 23 24 28 69 26 59 95 99 92 75 47 32 59 41 27 6 59 90 57 31 65 59 44 126 97 68 107 96 96 124 99 109 111 117 128 110 105 104 115 111 76 69 86 100
71 96 76 59 64 75 43 57 68 85 87 41 45 56 89 119 112 118 114 105 85 82 94 63 82 86 64 67 81 71 41 74 99 63 73 71 68 25 25 28 32 40 30 27 30 77 95 71 103 104 157 117 151 151 162 183 158 194 150 181 189 191 187 191 145 173 164 200 188 188 174 192 151 156 160 169 144 132 104 109 136 66 64 84 79 57 80 92 63 14 27 42 63 55 70 53 63 53 65 35 42 40 42 21 30 35 68 22 41 65 66 64 110 141 92 117 118 146 102 139 131 121 114 136 141 132 117 132 132 141 85 114 102 72
68 75 85 107 78 62 57 41 63 74 70 73 73 91 55 91 73 82 97 104 112 86 53 65 127 114 116 79 73 52 81 47 92 51 75 22 29 34 19 22 19 35 25 32 47 86 111 96 132 101 163 162 150 195 147 153 160 182 155 189 166 195 175 160 130 211 154 168 170 183 196 175 160 166 133 151 78 134 121 111 85 50 55 78 58 55 36 34 37 50 42 49 62 68 42 39 122 106 116 129 63 76 64 64 45 27 11 18 28 77 62 42 61 62 64 66 84 127 111 134 130 98 110 136 150 134 137 153 119 121 107 79 99 109
63 100 94 66 44 51 53 69 85 77 74 36 57 60 67 69 61 32 113 120 109 115 127 97 94 85 92 91 72 64 79 69 79 92 56 28 35 20 34 39 33 30 31 43 71 99 106 106 107 108 132 178 202 178 176 169 137 194 182 143 190 156 161 176 200 201 184 186 171 176 169 176 177 163 162 182 180 139 145 123 82 92 41 60 56 38 59 66 94 91 63 85 109 142 105 105 88 96 82 67 48 36 41 44 14 35 57 29 46 51 42 43 64 50 78 63 76 67 95 117 103 94 69 126 76 100 140 125 132 119 131 139 103 140
59 73 66 72 71 83 93 46 97 54 71 53 57 57 78 92 65 56 75 77 60 113 107 113 76 46 111 92 80 71 68 62 66 62 37 17 31 26 44 22 26 30 24 50 93 82 131 155 146 109 178 169 187 187 143 186 192 150 144 158 184 180 179 160 184 170 191 198 177 201 138 143 156 201 179 167 161 168 124 137 78 55 88 91 39 59 80 106 103 125 123 110 141 51 117 130 97 85 124 92 95 90 79 56 41 41 17 50 29 42 20 21 51 46 44 40 65 79 107 75 99 90 91 82 80 83 118 112 101 103 102 122 99 110
64 63 67 92 101 88 63 82 86 74 58 75 77 75 58 84 57 47 59 59 102 87 98 80 83 73 73 82 57 74 75 75 67 34 27 25 41 67 28 55 29 36 38 54 69 77 116 155 139 172 188 93 166 175 182 196 174 199 172 182 168 198 181 192 192 173 187 198 181 185 177 160 169 164 172 162 158 145 150 120 64 82 79 83 84 65 140 89 84 88 74 102 118 130 112 111 86 133 67 82 54 55 37 39 29 22 20 12 34 15 35 28 14 31 102 55 67 67 63 73 57 47 84 81 64 97 89 98 96 107 98 145 120 131
82 68 82 97 126 66 103 56 77 69 101 77 74 73 88 77 97 84 58 79 90 43 94 108 95 111 90 100 99 82 112 92 49 41 22 31 54 36 44 40 35 25 34 37 92 113 160 92 116 177 116 195 140 203 206 199 200 159 165 191 188 199 173 207 154 187 185 192 192 191 189 178 144 155 163 187 173 169 124 114 91 91 83 67 90 56 92 39 58 74 110 158 137 100 58 100 48 47 34 79 41 42 52 63 74 20 35 17 59 35 31 29 28 24 57 53 45 45 68 52 54 54 83 112 76 102 74 96 117 146 95 121 97 124
76 39 85 57 71 57 103 82 80 65 89 77 68 42 78 78 84 58 67 81 81 79 54 95 80 87 51 93 85 93 84 81 25 52 37 40 27 38 43 30 28 21 37 68 86 120 132 197 161 135 163 135 196 176 203 168 169 170 128 178 170 201 190 144 187 160 158 182 172 183 161 140 141 208 187 193 170 134 150 125 86 98 94 49 117 73 89 93 157 155 134 86 63 70 56 50 46 56 54 65 42 40 58 30 52 40 5 22 33 62 37 50 34 20 13 50 48 77 49 44 52 63 54 51 90 105 117 113 152 114 123 114 57 111
47 58 62 94 87 76 69 80 66 59 84 80 93 95 83 85 87 79 79 69 94 81 88 81 74 61 82 91 99 117 94 38 19 24 41 22 47 46 52 30 26 23 41 68 83 119 119 180 194 173 166 206 170 157 162 177 164 188 165 188 209 212 179 148 181 196 192 199 155 173 200 187 195 210 179 148 182 130 119 90 77 96 76 102 101 119 97 108 103 124 49 77 54 46 49 44 19 18 30 18 21 21 37 44 9 23 16 48 21 22 44 21 54 49 13 49 85 70 62 64 60 65 59 74 68 72 82 99 165 126 106 112 109 108
54 86 58 82 100 84 105 100 71 89 69 87 61 70 78 86 91 88 109 88 87 68 101 75 99 105 74 99 91 103 107 37 27 30 32 26 42 66 42 28 32 37 45 58 68 78 151 156 145 156 180 169 170 213 199 182 160 197 175 166 143 201 149 185 219 192 167 210 174 183 196 177 209 191 200 185 149 145 148 140 130 75 99 88 130 94 60 74 41 43 30 38 28 43 29 35 40 38 37 13 28 28 37 11 25 21 30 23 47 54 40 44 62 13 34 38 49 63 82 48 54 61 62 86 94 76 92 74 149 142 111 110 103 94
72 105 57 85 94 74 117 87 57 36 78 75 66 84 77 84 87 57 59 117 111 80 104 65 90 100 92 112 106 72 22 56 49 18 47 17 36 32 40 28 39 30 40 57 103 73 93 143 160 151 135 158 188 168 181 166 186 187 171 184 195 163 188 180 206 164 209 203 176 182 197 184 182 181 168 131 161 122 103 115 97 104 137 79 67 47 55 39 36 29 33 27 82 30 56 44 31 45 26 10 25 5 25 5 4 12 6 64 35 57 27 22 59 39 28 20 21 88 75 104 55 65 50 66 89 72 91 82 54 66 95 134 155 121
96 59 76 110 81 69 105 70 85 106 99 77 54 90 97 113 94 117 118 112 77 104 154 132 124 131 70 91 59 56 35 44 24 46 33 24 24 52 33 43 51 43 50 81 98 72 90 71 102 124 109 146 154 163 132 141 156 204 156 162 199 150 158 208 153 179 175 135 216 202 184 159 207 185 188 172 142 94 78 105 81 77 82 59 40 32 41 34 7 79 47 30 10 34 11 40 20 52 9 8 44 24 6 7 23 33 13 48 32 33 34 4 15 58 8 16 28 117 51 81 44 54 80 57 50 65 74 92 102 56 66 85 95 108
62 64 29 82 84 92 85 69 88 79 101 60 81 103 112 105 78 87 98 95 91 96 141 97 87 58 64 47 47 36 36 32 30 26 22 32 40 35 35 24 50 33 30 122 52 79 101 90 68 43 75 122 129 147 144 158 161 174 177 177 151 155 205 148 136 183 142 222 158 178 157 216 194 163 170 145 59 76 132 71 67 54 41 52 13 37 21 40 65 39 34 15 35 20 23 22 23 19 15 24 37 20 15 5 9 27 16 30 57 75 62 37 26 42 39 31 17 54 91 69 46 64 59 72 82 48 84 60 70 73 121 65 107 121
87 56 26 67 59 93 65 73 100 101 107 92 101 99 89 102 86 77 109 126 72 90 106 96 63 83 65 32 38 47 58 62 23 37 28 30 50 33 40 42 51 72 102 90 54 49 63 94 37 37 69 82 65 87 109 135 123 139 160 191 203 188 194 172 182 154 197 182 194 214 204 167 198 160 102 69 72 87 115 102 82 63 27 57 66 45 38 40 37 34 29 5 80 88 20 40 21 35 16 67 18 7 17 20 17 36 32 22 46 57 36 40 53 28 21 8 39 90 141 78 86 73 78 91 68 33 53 76 76 91 73 71 98 101
58 63 40 58 55 82 79 74 96 89 97 98 104 75 87 53 56 76 96 97 71 107 88 77 98 79 17 18 36 40 40 67 47 53 112 24 34 66 54 68 50 44 62 68 66 79 64 132 67 66 114 141 51 96 92 53 124 81 87 157 152 160 142 170 159 181 196 170 179 193 199 168 114 123 87 113 87 46 90 64 42 25 38 35 37 32 16 44 9 43 52 33 47 49 25 48 26 14 62 28 48 15 51 50 16 15 22 31 20 48 39 20 60 29 33 47 25 76 24 68 103 92 84 68 76 121 93 78 105 79 92 62 81 133
77 59 53 66 53 62 103 52 82 91 75 84 101 75 87 61 78 71 85 83 109 80 90 68 80 26 28 25 58 58 30 29 18 38 46 19 63 36 76 53 83 81 58 102 50 51 96 66 123 88 76 75 71 118 113 130 152 111 84 90 70 86 97 100 88 126 132 192 187 161 155 130 123 110 69 61 80 48 69 39 79 46 30 32 35 33 37 3 48 35 39 92 56 85 43 34 31 19 23 21 22 54 38 15 9 48 40 19 32 43 29 38 52 33 17 42 54 80 30 60 54 56 74 65 88 60 81 84 85 88 88 72 73 42
80 54 43 53 57 76 84 73 72 90 79 92 116 130 103 103 92 77 92 91 102 109 85 75 81 94 70 34 69 33 30 50 37 30 29 75 39 59 51 58 64 44 75 63 96 56 77 21 101 18 65 43 83 66 92 111 58 94 91 68 72 80 140 128 110 111 141 145 138 120 103 78 102 77 131 73 50 26 81 82 42 50 45 46 46 46 34 32 28 67 27 47 48 45 24 13 50 47 70 8 36 30 29 36 16 37 22 31 5 6 21 10 37 29 46 53 28 43 73 23 74 99 72 84 101 52 38 81 51 99 90 127 67 50
77 54 36 78 61 61 76 72 65 82 77 120 76 100 100 128 113 116 102 113 119 105 95 82 74 75 36 75 31 50 58 54 40 13 35 44 47 45 51 69 77 62 108 60 35 51 14 96 84 75 67 50 96 47 111 55 62 119 69 126 93 73 124 99 88 72 48 105 85 100 85 82 69 117 71 51 68 83 22 21 36 18 20 19 32 9 28 18 52 51 57 44 79 57 23 33 40 31 19 32 29 14 32 19 8 18 32 33 18 33 12 25 3 12 33 53 70 76 83 27 66 36 50 84 49 49 84 80 83 89 132 66 79 64
99 74 39 30 48 34 81 78 85 76 90 100 91 113 72 98 74 120 93 133 121 100 98 92 71 23 37 57 43 30 28 58 52 56 54 66 60 21 62 50 56 39 49 81 101 36 50 22 35 81 78 73 64 70 132 66 67 76 50 68 41 73 98 92 94 81 69 74 92 75 62 50 68 61 45 36 79 44 38 25 15 36 16 17 16 52 42 29 41 88 70 61 40 3 32 74 29 22 35 43 31 30 55 32 21 11 32 24 32 26 24 28 16 28 27 36 81 60 46 70 52 61 62 41 74 48 59 72 38 106 113 70 72 64
78 63 49 75 42 37 17 58 79 86 88 72 93 80 116 75 119 61 102 107 111 121 110 111 56 40 28 69 58 61 59 50 43 50 57 37 60 39 44 49 91 48 54 68 55 46 72 75 65 38 36 73 73 111 153 125 64 81 125 83 128 60 92 96 64 61 111 76 79 63 68 83 59 112 76 60 60 45 37 25 28 31 26 4 31 34 28 28 68 29 69 57 54 52 7 37 30 38 18 50 19 78 43 51 33 36 40 37 12 15 71 20 43 64 22 25 35 55 37 40 45 61 69 72 55 70 75 56 64 77 124 70 52 77
61 84 66 66 31 53 42 74 86 92 90 89 77 62 89 75 75 90 67 61 68 84 87 109 55 51 23 53 43 45 44 64 48 53 37 67 50 29 38 56 63 41 37 79 44 26 54 60 58 47 82 42 90 62 91 86 120 58 110 85 74 101 68 71 58 49 69 81 51 92 62 72 65 57 26 36 31 24 37 23 15 37 33 16 29 76 32 31 56 55 47 49 44 54 90 33 69 41 14 107 95 69 56 42 35 37 67 36 35 51 30 36 23 16 44 61 35 15 11 45 52 79 70 90 101 66 76 61 72 79 58 65 77 52
70 84 43 41 28 35 22 56 75 70 64 65 79 73 95 81 53 79 86 56 77 112 80 80 13 50 24 44 51 54 40 69 32 61 50 29 28 38 91 28 43 54 67 59 49 41 42 43 69 68 65 109 58 49 89 95 77 72 73 104 91 72 68 59 47 82 37 45 69 61 95 60 64 54 36 25 20 28 13 59 28 11 40 41 53 40 26 28 29 34 17 47 77 71 47 63 22 116 80 48 61 58 38 47 36 59 44 30 31 64 35 75 31 47 43 32 30 16 53 50 39 49 82 64 77 81 68 88 78 29 56 108 70 76
92 51 60 57 46 41 15 46 53 72 76 64 110 89 90 87 75 68 67 72 91 85 75 74 52 61 47 59 23 45 29 34 41 37 47 48 25 34 58 85 50 27 38 44 40 45 79 38 25 34 82 52 101 124 60 86 78 87 52 86 83 72 46 41 83 97 83 77 62 102 38 24 64 55 33 21 35 5 44 26 21 33 28 65 51 27 35 77 22 63 46 31 33 35 44 51 69 49 72 60 76 50 37 38 46 68 30 37 51 68 29 21 21 37 15 35 30 28 41 86 64 99 57 79 81 88 100 65 50 80 102 47 71 46
52 67 73 46 24 57 35 48 59 54 58 65 84 64 104 77 60 93 74 74 75 75 96 77 86 44 62 34 41 24 55 35 31 11 17 47 44 28 59 49 56 60 52 28 32 37 81 54 51 79 75 40 73 66 65 56 65 65 64 61 66 58 39 58 47 124 81 37 88 41 33 22 44 24 26 23 38 20 65 16 24 24 27 36 68 39 35 50 30 17 24 46 53 53 64 84 66 50 70 29 70 21 51 53 56 45 41 35 18 50 37 30 27 51 68 54 36 21 45 37 42 57 75 94 73 77 110 66 74 50 64 38 62 92
74 39 73 51 30 36 32 45 109 45 49 84 31 61 78 66 91 83 77 85 55 56 49 47 40 28 55 34 15 15 49 26 27 18 22 26 42 37 44 26 32 28 46 24 21 37 49 28 37 51 70 51 69 46 92 39 64 51 62 67 60 58 50 59 72 76 70 49 47 50 64 46 36 11 14 3 33 26 24 26 25 15 19 39 24 39 31 20 39 30 26 32 17 65 44 45 66 79 44 44 79 34 39 80 61 35 48 59 19 5 7 12 35 12 40 62 37 47 41 64 39 5 54 32 76 48 63 75 73 45 40 65 131 83
67 74 48 68 57 43 53 54 67 105 89 81 111 102 133 153 77 88 75 87 60 52 67 70 26 50 64 63 39 36 42 40 25 42 39 30 47 17 58 36 32 56 39 43 62 44 45 40 42 61 50 39 37 46 76 20 78 59 60 72 70 33 49 84 38 61 73 39 61 97 29 52 22 22 36 30 15 31 57 54 31 50 55 14 17 32 17 25 58 43 44 77 44 46 53 40 75 69 61 61 40 54 66 50 72 27 30 64 7 7 29 18 57 16 61 36 62 9 45 44 34 40 38 40 74 22 31 41 75 59 68 64 39 39
57 52 87 53 86 37 70 109 119 86 99 91 97 87 84 124 94 101 105 116 134 95 37 86 43 54 24 63 72 31 24 21 72 53 36 58 64 42 45 44 47 87 61 43 39 61 52 64 35 32 41 45 55 62 40 27 46 58 52 57 57 49 47 58 62 84 78 66 61 14 34 46 16 44 49 36 17 41 52 53 47 24 25 2 19 40 29 29 20 62 11 43 37 45 87 82 94 68 83 79 50 41 39 31 37 20 9 27 7 50 21 31 41 20 62 50 41 27 41 47 24 25 34 50 47 59 60 81 53 62 52 66 101 86
55 49 106 79 100 11 46 77 119 94 80 113 100 114 96 93 54 81 112 108 100 122 67 69 30 46 41 45 42 22 17 51 64 6 37 22 59 36 54 12 23 59 40 50 33 57 39 57 32 41 57 38 66 51 77 65 51 56 65 40 48 37 65 51 42 49 82 56 43 23 14 47 39 30 37 28 33 30 12 33 5 25 32 31 75 14 26 11 35 49 75 41 47 58 76 63 97 82 69 50 52 65 32 44 22 40 45 19 16 42 32 26 13 6 41 63 58 50 77 37 61 43 27 62 71 83 66 66 70 54 64 70 50 49
61 91 71 67 65 48 104 90 93 84 109 119 109 125 99 109 105 90 121 58 76 86 86 70 21 31 46 33 53 38 35 38 111 27 26 44 27 33 29 43 50 41 44 40 41 40 27 30 23 47 48 54 45 49 65 46 61 42 41 39 71 53 58 75 105 65 48 57 70 30 54 55 45 32 29 19 26 41 34 40 48 47 67 5 38 18 19 32 41 27 74 32 57 41 64 53 72 56 80 53 48 31 32 33 13 19 35 36 18 13 30 21 18 27 33 43 56 74 41 38 59 62 41 53 105 89 79 96 75 57 107 46 62 41
72 31 46 77 69 62 95 112 89 103 99 94 98 110 105 114 122 108 121 143 105 103 29 29 42 88 32 62 63 37 49 103 74 9 50 72 11 39 33 29 45 58 44 38 52 56 33 70 20 42 60 61 47 47 53 46 55 47 44 44 72 65 46 41 65 44 58 54 35 53 35 53 39 35 34 38 41 22 51 23 23 31 72 20 25 3 22 41 20 56 39 47 59 66 75 56 67 62 47 41 23 26 14 27 8 6 11 33 63 27 23 34 57 47 14 64 63 58 44 28 59 68 73 28 75 77 74 62 110 72 116 61 78 81
71 66 48 34 49 112 117 86 98 114 131 101 67 106 104 118 138 136 119 122 109 34 33 42 51 40 56 23 40 30 33 35 57 37 29 50 32 54 59 50 42 31 59 32 29 49 57 58 48 18 42 46 36 41 44 43 69 58 30 46 62 40 57 64 34 46 30 18 55 36 34 35 18 23 25 18 30 33 45 30 21 31 17 19 51 61 8 3 34 51 40 34 82 63 58 56 54 29 60 35 18 29 32 21 28 7 7 8 24 22 32 27 42 34 16 45 44 53 69 15 29 27 56 67 102 85 76 90 87 80 75 85 102 64
96 72 49 57 91 99 97 104 115 107 124 110 95 89 99 122 112 57 91 114 92 33 66 45 46 59 74 55 30 45 35 57 56 40 27 45 30 48 53 72 28 48 49 22 59 34 37 59 20 36 50 49 57 48 42 51 28 45 88 64 87 31 83 43 39 26 35 40 38 38 53 36 30 24 21 33 28 40 33 18 40 68 19 38 7 11 26 42 51 39 59 52 41 58 66 33 57 73 58 32 20 10 13 14 14 12 8 16 27 27 25 36 47 23 48 41 69 41 81 103 66 34 51 74 63 76 110 83 96 75 96 83 90 86
120 106 82 94 88 77 101 98 96 111 84 93 124 75 114 91 112 119 122 95 70 72 61 32 77 33 45 35 39 56 33 58 55 42 21 9 48 15 59 37 41 32 25 37 47 56 55 42 20 40 46 35 66 50 50 50 65 74 48 43 51 50 77 43 40 52 50 28 61 57 21 40 18 33 17 30 16 35 36 12 36 32 31 24 52 29 29 65 39 57 56 39 29 47 46 78 36 48 46 18 13 36 48 17 24 17 21 36 35 14 28 28 31 66 33 37 61 36 47 30 78 36 49 71 51 97 86 61 64 85 91 83 89 78
106 87 88 94 69 77 76 62 55 45 81 72 66 102 95 86 78 68 75 68 42 52 37 41 49 14 58 50 25 29 65 54 66 46 13 46 49 38 53 25 27 38 45 32 43 65 50 49 33 48 28 46 43 38 41 44 30 49 64 55 41 36 60 41 48 47 46 36 37 48 27 32 21 30 32 20 9 36 18 30 50 28 19 14 39 28 42 21 31 61 67 39 48 62 48 42 37 21 15 17 9 34 8 10 26 29 30 29 25 22 32 35 21 39 43 29 46 35 29 37 46 31 41 47 59 68 103 37 70 53 61 68 35 73
192 89 61 71 52 49 76 71 74 82 55 65 84 66 99 79 70 84 37 49 56 50 59 68 50 67 60 35 75 48 61 74 54 58 27 41 48 39 50 42 42 37 42 31 29 35 63 37 24 42 25 65 38 40 34 59 41 71 65 31 58 61 53 70 45 49 49 51 28 52 43 52 25 41 67 33 47 30 18 12 34 44 21 12 11 5 73 23 48 52 37 28 38 47 60 31 45 40 5 24 20 20 32 43 29 43 38 35 26 65 18 31 29 50 27 46 27 41 62 55 43 44 74 31 65 63 81 49 116 65 26 119 23 86
84 77 63 47 73 67 52 70 74 62 92 62 72 92 43 29 66 59 43 50 36 57 47 39 38 26 60 48 75 54 56 68 58 41 42 45 47 42 38 38 44 51 42 9 34 42 71 20 40 31 57 37 27 40 21 44 57 45 76 62 64 47 48 55 66 36 58 33 61 17 35 38 22 25 39 38 14 18 7 25 29 58 24 23 10 27 21 49 44 44 69 49 47 35 30 28 22 10 16 14 29 49 55 6 25 36 17 29 19 22 20 5 22 35 15 25 58 66 41 33 39 68 22 44 37 64 56 32 43 20 42 87 67 51
93 76 78 64 56 81 53 67 103 67 82 71 75 63 70 69 39 52 47 52 55 36 68 50 51 58 56 73 62 58 67 66 25 47 36 53 15 19 60 18 42 30 32 35 24 24 53 34 24 51 25 45 67 25 33 56 49 27 63 48 34 90 32 55 57 41 52 18 12 29 41 55 45 34 19 18 26 13 26 66 25 44 16 19 13 62 8 34 58 49 28 52 19 30 37 29 24 28 25 13 10 49 34 31 26 34 37 17 29 28 12 21 51 34 61 61 37 60 47 18 28 26 45 50 19 53 63 80 67 85 37 75 62 67
117 81 74 69 72 86 73 46 56 58 71 46 88 66 68 66 63 46 39 46 28 46 56 31 68 36 50 60 23 52 38 61 61 49 44 46 46 49 39 68 38 42 41 68 55 11 44 20 45 60 33 54 20 31 43 41 49 45 12 45 79 60 40 48 48 54 35 35 37 29 44 34 30 36 36 24 20 11 41 7 12 13 9 72 6 20 16 27 62 31 34 50 27 15 9 46 28 8 25 20 29 44 20 21 34 17 54 25 29 28 22 8 34 11 13 38 44 60 19 54 14 39 21 58 42 67 97 41 49 53 67 29 34 64
90 63 61 72 64 61 80 66 83 67 90 76 59 72 35 45 54 43 57 74 48 52 28 31 56 51 44 68 54 50 53 71 63 62 44 85 48 56 35 18 24 24 21 42 34 33 27 31 19 29 59 35 70 50 23 28 44 64 41 81 44 45 53 73 44 34 35 36 49 29 17 39 36 22 27 27 48 8 24 20 51 17 17 12 21 49 27 66 43 33 23 19 18 50 44 35 19 23 24 11 34 28 32 27 19 42 22 21 29 35 30 10 40 61 22 48 31 24 62 63 60 47 59 28 62 53 59 45 66 46 58 57 79 58
102 68 76 49 75 66 59 83 62 56 69 54 63 35 28 50 35 32 43 68 32 40 37 93 52 55 42 62 46 52 54 52 40 44 50 38 40 31 30 18 24 34 19 28 13 32 21 64 26 26 7 41 58 33 47 39 75 43 71 42 51 39 42 41 43 18 45 20 56 22 26 29 52 17 28 23 24 7 11 30 10 13 72 52 16 8 20 40 35 49 25 9 15 10 29 21 42 11 9 28 17 23 21 13 33 10 19 17 31 28 18 6 29 30 55 44 30 66 61 30 77 66 39 16 49 40 45 46 62 62 51 79 88 57
81 78 46 57 55 50 72 44 60 68 72 46 48 47 53 41 38 33 56 43 33 31 47 47 102 56 51 67 58 29 79 81 45 54 34 47 37 17 29 32 33 34 29 30 23 28 34 46 27 29 37 52 58 25 46 53 50 53 58 42 76 62 53 51 27 45 33 22 19 41 7 37 57 15 22 36 17 36 25 31 48 19 21 44 29 30 30 31 27 23 6 13 4 16 11 29 11 25 8 11 23 48 12 35 6 13 33 33 23 21 24 22 14 25 43 44 28 48 24 31 21 30 65 42 47 53 49 52 54 57 61 58 53 88
92 77 53 58 64 74 45 74 61 72 53 75 52 58 39 57 40 62 45 37 46 57 48 41 25 45 68 52 83 96 68 57 78 46 23 36 36 52 40 37 40 42 21 33 27 34 26 20 51 48 17 31 25 36 26 24 59 39 52 54 60 32 56 52 23 34 36 20 23 28 28 17 5 29 57 39 26 42 25 31 57 46 12 17 24 25 37 51 22 24 15 12 20 17 27 18 32 36 13 9 41 23 23 38 18 28 47 17 20 48 40 30 48 30 34 50 38 51 60 47 30 30 15 36 54 61 56 60 72 67 66 90 40 73
90 67 60 53 64 69 57 47 65 41 50 95 61 50 47 38 100 35 62 35 82 56 59 58 98 87 30 59 51 73 60 42 66 25 35 23 33 36 33 47 21 26 39 14 53 54 20 28 19 50 57 17 32 39 26 34 47 49 57 53 61 53 29 41 27 38 24 17 23 24 7 17 19 28 12 11 35 16 53 12 22 19 44 15 59 6 42 44 19 24 24 33 22 10 20 21 35 35 35 38 17 41 17 13 28 12 16 89 21 34 13 25 47 30 51 33 25 27 44 29 15 52 16 57 50 24 40 68 63 61 85 122 62 73
73 69 81 55 52 76 55 51 77 47 32 35 38 86 39 51 34 36 53 59 48 67 61 55 65 37 34 66 31 43 58 56 30 45 44 44 32 27 36 52 25 29 26 21 56 30 38 28 27 43 34 40 61 60 81 30 35 70 60 51 47 60 69 40 47 26 7 21 19 17 47 31 34 22 12 23 37 32 35 5 21 20 38 19 43 27 10 25 23 19 7 23 28 16 17 24 33 27 48 24 7 36 53 13 25 48 25 7 10 9 41 36 19 15 19 63 33 43 57 32 40 53 39 45 29 46 68 40 70 108 80 30 67 81
87 70 74 64 63 56 49 89 28 64 44 47 45 52 41 54 58 67 57 44 95 48 27 42 32 30 42 55 45 53 53 34 67 31 56 43 39 33 33 29 18 20 28 44 30 37 26 36 35 24 22 36 41 42 39 43 58 45 29 41 61 44 29 49 8 22 40 20 15 34 30 22 28 31 32 34 30 32 27 36 27 13 13 28 52 52 27 19 35 12 13 18 24 24 23 32 37 9 16 24 46 25 39 45 27 28 34 29 22 9 47 18 23 52 17 7 41 48 58 30 17 32 63 36 27 58 36 36 46 70 104 67 90 83
95 80 68 57 72 58 67 31 44 51 58 45 76 58 50 33 44 23 51 24 31 67 46 28 86 36 55 51 41 69 39 23 51 26 35 33 46 42 29 25 20 21 35 28 28 37 36 19 42 55 23 34 31 9 58 58 38 45 35 36 34 34 7 23 51 35 34 25 22 40 15 24 18 32 7 42 26 34 38 13 16 40 19 12 50 48 41 28 23 7 14 10 10 40 17 27 32 24 27 22 26 29 39 34 36 31 19 22 31 13 13 12 44 25 42 32 23 42 27 33 54 32 31 34 19 40 76 49 105 92 57 77 68 93
94 73 71 90 60 62 52 42 54 45 65 49 48 76 61 43 18 28 60 73 39 42 23 23 36 30 38 45 47 30 14 19 42 30 23 28 49 39 20 48 25 25 27 30 9 30 30 33 65 33 16 25 60 24 48 31 37 55 48 46 39 18 46 27 14 30 37 27 17 25 50 28 52 48 8 31 26 31 39 38 21 49 31 42 37 14 24 20 20 14 20 17 33 26 23 12 23 48 15 25 38 12 40 55 35 41 37 25 13 28 26 40 15 35 21 70 19 16 29 9 28 86 44 35 35 67 42 43 80 80 84 75 63 54
138 68 71 38 60 64 60 47 53 56 54 43 50 49 87 33 10 10 83 23 32 13 32 61 39 41 38 43 65 50 62 33 8 35 29 50 50 49 39 30 31 27 33 23 39 21 22 31 22 38 35 42 46 26 39 47 43 43 36 55 47 22 33 25 41 41 55 32 40 44 31 33 27 19 20 30 20 20 32 20 41 14 25 18 10 22 20 14 11 22 32 29 26 29 34 16 11 23 21 9 22 19 44 38 50 34 27 53 28 32 8 34 19 57 18 44 47 48 32 9 25 59 56 28 40 38 44 39 84 55 71 105 72 75
95 85 77 76 51 49 34 14 47 33 65 53 35 38 46 17 29 22 28 52 55 50 43 32 49 51 74 57 41 19 20 56 48 31 24 25 67 26 22 50 47 28 26 31 26 41 46 8 15 40 47 36 29 33 32 16 31 25 21 32 47 45 38 36 37 43 26 30 17 11 34 32 8 24 11 21 16 14 13 21 7 12 20 21 18 15 35 37 14 6 12 14 16 17 9 18 24 33 42 11 23 33 7 34 11 37 15 8 12 14 16 29 43 28 14 38 52 33 45 30 40 54 38 13 8 9 52 46 57 75 77 76 78 64
86 93 74 45 49 20 10 30 44 81 29 71 84 71 46 44 31 25 48 63 50 35 109 102 65 62 54 51 65 60 68 71 29 19 30 24 21 35 31 27 23 18 28 29 35 18 57 34 25 34 21 24 24 26 16 28 28 30 43 48 37 20 23 36 14 24 24 24 18 18 23 28 18 19 26 14 28 27 27 18 11 7 20 22 26 22 6 33 6 22 16 14 33 21 9 38 20 37 41 21 11 25 18 40 22 14 13 23 23 37 9 58 7 12 37 32 65 57 17 38 33 44 60 22 15 25 57 58 57 87 57 45 93 80
75 81 73 82 45 53 8 91 21 36 27 62 31 27 45 31 52 29 71 55 131 45 98 70 63 49 50 50 37 30 89 114 52 65 72 30 25 20 42 38 47 41 27 14 11 27 36 17 35 33 45 37 24 18 8 49 45 36 29 32 27 30 15 29 40 17 18 12 56 22 40 10 13 17 38 43 20 23 43 19 12 27 23 15 26 14 21 30 24 15 13 14 21 24 31 17 48 16 22 20 14 27 17 43 27 20 21 20 23 23 28 6 25 31 21 50 42 16 12 48 18 21 14 31 42 21 43 41 58 59 99 57 57 89
111 85 96 59 35 23 22 41 25 60 59 56 57 35 46 67 40 64 64 71 58 40 85 55 49 36 57 32 87 105 56 42 35 42 33 41 42 33 30 64 27 26 59 9 35 70 26 17 51 25 55 23 8 31 32 14 27 23 45 30 19 20 44 12 27 24 18 29 30 14 23 5 12 19 42 22 32 38 14 18 31 37 12 19 20 20 16 27 21 12 40 19 22 5 19 27 24 23 39 32 25 24 25 13 27 25 23 23 12 90 38 22 19 17 33 14 45 14 36 26 7 28 59 52 24 58 58 25 48 63 25 43 62 55
93 67 65 43 56 23 39 39 52 25 85 19 44 21 36 43 21 59 59 58 79 81 55 25 57 73 103 31 34 27 102 54 66 70 53 31 58 32 31 72 20 38 27 29 35 22 23 33 40 24 35 30 22 31 39 23 36 25 27 23 22 21 31 41 39 20 22 17 17 30 29 13 36 23 24 31 16 15 17 13 18 10 38 32 11 22 27 10 19 13 21 20 76 35 22 13 25 24 22 71 35 35 37 30 25 22 18 40 30 59 21 19 27 41 35 48 16 39 21 61 26 32 26 53 31 45 38 29 20 37 64 35 70 77
75 69 52 47 67 41 71 58 48 40 47 24 34 40 34 32 81 18 41 62 78 34 69 70 102 124 99 94 56 37 43 64 35 117 62 115 80 37 38 45 44 29 30 22 67 48 33 29 53 34 31 29 17 41 49 23 21 15 41 24 23 21 51 32 34 36 28 23 23 39 40 16 36 25 4 9 13 37 11 32 13 28 11 37 16 14 29 18 33 19 27 14 45 19 32 31 12 16 28 16 24 20 25 19 28 19 18 23 20 37 29 28 16 36 28 64 45 46 20 25 32 7 22 34 39 44 22 65 6 66 32 44 78 87
90 80 67 48 42 62 74 44 30 36 57 50 29 39 31 56 51 43 66 56 55 60 120 117 140 66 32 35 104 169 61 131 117 48 49 70 24 62 130 74 57 126 137 148 133 122 110 34 45 26 27 29 56 38 61 31 26 34 37 41 33 26 16 30 16 23 27 6 13 33 33 47 36 23 22 24 25 26 6 32 50 16 26 41 22 39 25 10 7 20 19 24 17 31 37 24 32 22 20 29 48 24 29 20 39 25 18 31 23 15 31 22 20 36 47 11 54 55 51 27 18 13 41 39 16 35 31 70 26 66 54 63 29 60
81 63 57 70 56 47 52 68 28 53 52 19 28 25 62 67 88 48 42 96 62 103 127 113 69 57 68 28 109 18 56 57 59 122 76 20 60 117 46 154 160 149 156 136 140 131 107 103 109 109 39 60 39 32 24 40 22 20 26 29 32 24 38 23 20 24 57 20 29 10 39 40 31 26 17 29 29 7 10 34 19 24 38 10 56 9 23 26 18 22 27 18 18 27 34 28 16 7 41 25 35 32 47 26 35 30 20 13 27 44 20 10 40 24 38 24 38 46 41 26 15 61 6 61 46 69 43 68 31 17 34 75 35 63
83 73 57 39 30 10 35 37 47 47 29 42 39 37 28 56 46 57 80 54 67 141 70 55 39 43 49 121 68 46 73 66 75 99 57 88 70 51 151 169 159 147 165 130 156 146 138 126 128 123 118 93 78 43 50 31 33 16 18 29 15 22 29 21 19 19 16 26 25 13 18 44 15 42 25 29 26 16 21 14 35 28 30 34 36 20 18 28 33 27 36 36 26 18 49 31 40 22 28 14 24 60 53 20 25 15 34 19 25 28 10 11 15 26 35 20 10 55 52 42 7 19 46 29 47 40 48 53 30 30 61 172 33 41
76 63 57 41 32 22 64 56 20 52 47 36 23 21 38 58 44 43 86 60 86 48 79 51 51 35 145 47 55 37 52 44 100 56 69 119 82 150 139 164 160 165 149 145 158 159 139 128 131 132 131 121 107 107 97 57 54 24 33 33 31 26 47 17 47 27 65 38 32 34 6 22 17 44 16 20 19 7 27 12 20 12 40 45 22 32 9 16 39 26 21 45 24 19 24 30 20 57 40 11 68 28 44 43 28 15 22 22 21 33 6 41 7 15 40 15 16 10 47 37 35 40 21 45 46 29 37 12 51 98 55 97 45 84
89 79 51 23 51 31 49 56 45 21 52 29 19 21 24 50 43 72 52 59 146 47 60 51 114 141 60 58 22 128 61 96 96 45 72 106 97 137 158 161 164 152 161 166 139 152 138 127 142 138 131 128 121 124 120 118 113 125 65 48 27 22 46 28 40 41 45 22 48 37 33 44 23 18 30 15 17 18 14 16 20 15 19 15 34 16 11 52 20 25 36 13 22 22 23 15 31 26 21 28 19 34 33 32 28 25 19 19 27 11 28 11 40 78 26 33 22 31 67 21 63 28 20 34 17 22 53 39 42 53 33 48 18 53
78 68 46 56 68 53 70 67 65 39 45 48 41 30 38 43 59 51 128 102 56 36 90 78 90 70 51 55 123 34 47 64 86 35 68 81 147 146 133 134 160 160 145 139 134 144 126 151 144 141 138 138 124 130 127 135 121 121 109 100 52 42 33 24 39 44 11 32 43 37 14 30 33 36 41 17 25 38 16 29 11 18 42 26 24 20 13 35 29 29 21 22 16 25 27 26 21 25 19 60 32 44 24 24 37 33 32 18 19 64 28 32 36 54 41 28 32 35 15 38 33 92 41 21 47 22 39 31 36 104 67 84 53 71
87 68 48 62 43 48 52 17 47 48 39 24 32 55 36 38 54 92 110 85 54 57 88 110 65 72 57 44 60 94 79 71 80 74 78 64 105 147 144 152 153 136 144 146 144 145 139 145 135 139 139 135 147 122 126 134 130 134 119 116 96 67 25 27 32 48 48 53 41 15 48 17 35 21 24 30 19 8 27 12 21 26 10 21 20 19 28 35 18 13 56 20 18 37 23 28 17 28 22 41 27 45 20 21 38 26 26 24 32 30 83 45 33 32 32 47 31 122 42 48 26 31 50 49 61 16 66 51 92 48 78 42 122 100
85 50 50 58 45 23 54 27 53 69 72 42 31 68 31 36 45 64 64 52 58 79 49 64 30 56 39 76 60 52 66 55 109 58 110 79 108 138 142 139 132 129 138 144 122 127 130 128 147 143 139 130 133 128 137 141 131 126 128 118 104 93 86 67 29 29 29 14 22 18 36 11 45 22 7 35 68 15 7 12 27 27 17 9 12 25 11 46 15 17 17 24 19 18 26 29 22 26 12 27 24 36 23 28 22 24 23 33 23 36 39 8 6 27 40 40 51 72 35 70 67 70 52 21 35 13 28 44 40 13 45 60 50 49
83 62 42 54 36 20 38 57 40 66 34 82 45 49 21 42 34 69 66 43 32 51 89 26 48 54 41 42 83 55 58 44 32 60 50 63 99 138 131 128 140 127 130 121 139 131 125 137 144 140 127 137 132 133 137 131 137 133 127 116 119 119 99 92 132 91 32 24 41 25 25 36 21 8 25 32 39 9 24 8 8 13 22 11 12 30 33 7 36 10 15 11 9 18 13 16 11 17 14 21 10 21 27 17 26 31 22 29 23 20 35 10 33 16 9 86 53 29 61 55 27 88 56 31 57 46 27 73 42 17 48 53 20 63
78 65 37 41 42 44 48 66 30 59 31 52 27 27 23 36 29 41 34 44 32 26 113 44 54 50 47 29 76 90 81 36 51 54 77 40 87 129 111 123 102 116 126 139 111 126 126 138 130 143 139 144 111 138 141 127 132 144 125 127 108 138 121 124 99 120 113 88 23 10 10 21 30 42 19 21 9 21 11 15 26 10 30 17 26 12 24 27 14 25 23 38 11 9 9 8 24 13 11 23 16 25 22 19 23 23 16 33 18 20 35 30 53 24 39 19 8 37 32 93 41 33 45 29 9 26 58 66 28 74 45 84 72 54
59 80 51 46 58 50 39 64 11 25 84 36 45 57 34 35 42 35 41 48 52 36 44 48 44 66 23 57 43 47 65 27 47 63 72 45 70 99 105 112 119 106 102 112 118 130 125 132 139 131 138 126 142 134 130 139 126 128 141 133 138 148 145 127 118 124 83 118 86 86 85 102 35 17 14 15 12 19 19 12 16 6 16 15 18 16 24 23 8 16 20 16 32 35 41 21 15 14 14 27 27 36 29 31 26 34 29 24 30 33 27 34 26 45 30 60 10 20 13 35 42 24 127 6 15 71 37 68 39 38 47 76 26 34
69 52 42 50 23 19 37 5 28 30 31 31 48 41 20 55 19 33 31 28 21 18 56 46 34 41 55 36 54 20 56 58 39 69 80 71 57 89 89 79 100 102 101 99 122 105 101 133 112 123 126 132 130 129 131 121 118 123 137 130 131 130 136 135 145 140 137 114 72 69 65 46 52 36 28 33 23 10 12 7 12 2 30 19 35 22 47 79 94 79 90 42 64 12 65 24 52 55 64 25 18 21 10 29 20 6 32 27 43 16 20 7 69 50 73 31 92 33 83 33 7 9 55 50 36 18 60 28 19 48 6 58 72 66
76 64 54 41 18 41 25 39 45 38 22 65 8 36 32 33 36 41 38 50 30 32 50 40 24 46 36 35 41 35 58 48 64 40 65 87 46 79 103 88 93 100 102 95 103 129 93 121 111 106 139 127 137 133 136 126 126 138 130 138 134 121 106 129 155 143 147 141 107 63 54 39 8 59 14 11 32 112 108 136 64 83 47 55 41 50 49 78 56 76 68 46 68 77 72 137 55 37 21 55 28 23 19 35 26 34 19 19 27 28 60 14 50 71 112 18 35 57 38 30 25 28 18 12 33 60 53 66 40 47 40 43 27 34
96 60 68 29 67 31 15 32 25 30 47 42 20 20 27 21 58 38 41 63 58 46 44 16 42 24 46 62 36 75 37 47 42 30 57 37 52 53 48 63 68 76 89 99 90 117 109 116 117 123 134 118 125 131 124 114 131 125 125 136 120 107 107 101 119 136 142 155 129 118 58 91 78 117 121 60 91 145 100 89 69 87 93 54 55 35 60 59 65 97 46 43 76 71 45 53 50 88 79 31 44 47 28 8 10 24 36 47 7 30 47 42 128 70 14 48 49 29 19 42 15 39 40 56 49 58 87 31 63 33 52 41 61 70
63 65 73 53 24 53 23 21 14 26 28 39 41 24 18 17 20 19 18 44 26 27 22 38 33 25 27 57 36 38 44 25 20 65 22 69 54 29 28 33 39 62 53 87 113 113 101 97 113 115 122 117 124 134 119 111 118 122 132 131 110 89 69 82 92 118 134 124 137 104 97 72 80 81 62 65 109 103 63 113 66 69 51 73 129 90 70 53 62 71 22 95 59 57 56 50 55 38 37 54 44 40 23 18 47 8 21 7 16 19 22 31 87 114 35 7 42 7 37 15 8 25 35 43 31 28 30 17 21 44 43 21 39 56
68 71 73 37 6 34 33 29 23 20 11 16 35 30 14 26 26 20 14 37 23 22 25 21 32 37 35 30 18 23 33 34 47 20 41 27 48 42 62 56 53 70 107 81 99 128 98 107 113 101 108 117 129 112 113 121 120 117 131 114 118 130 94 64 27 60 100 115 121 123 118 110 73 90 83 83 36 55 65 83 97 57 84 43 90 71 66 89 66 44 56 70 77 56 38 57 45 40 29 62 39 34 34 26 13 14 7 17 10 35 19 9 38 37 16 13 31 24 30 48 24 26 56 36 29 39 18 42 36 30 33 57 57 26
78 75 62 45 15 21 24 11 38 40 39 32 16 31 23 24 24 23 30 54 25 36 10 27 26 10 38 25 37 24 44 54 35 22 43 33 25 62 106 95 133 98 124 115 100 106 87 102 108 104 110 109 108 115 118 123 115 124 119 117 126 118 125 95 61 50 56 79 100 113 106 100 82 87 83 58 86 62 54 60 61 74 51 76 38 85 36 65 49 63 61 62 48 95 42 47 34 54 41 55 39 40 33 45 22 18 30 11 23 17 30 16 44 39 17 14 16 33 34 9 29 42 28 36 34 54 13 76 63 43 56 36 49 21
81 43 23 34 12 29 16 50 26 34 35 19 32 30 22 11 20 54 19 23 37 10 27 15 20 15 16 24 26 26 24 16 45 23 47 70 140 106 104 130 127 136 133 108 74 116 78 92 118 102 111 112 117 116 110 106 105 110 108 100 122 123 131 124 98 43 69 46 55 93 84 86 92 75 86 43 88 64 67 51 40 70 70 52 87 49 88 50 73 41 41 51 56 67 59 62 50 29 55 44 45 37 45 47 31 18 17 14 9 15 8 28 16 34 46 46 22 46 25 45 66 36 17 37 39 53 68 44 61 65 46 67 90 69
56 49 74 42 32 10 23 58 18 37 12 27 24 29 42 20 25 18 7 54 25 43 22 26 27 19 18 17 15 20 34 25 23 32 109 73 128 114 96 108 113 134 127 121 102 95 106 92 109 93 101 112 102 112 114 122 94 119 85 104 104 120 127 118 127 99 65 58 54 30 81 68 87 88 82 74 62 84 65 56 40 50 72 50 30 73 76 67 65 55 44 40 37 49 53 45 47 39 47 75 36 49 79 39 22 15 18 26 24 10 27 26 22 6 9 18 74 8 21 8 45 35 48 27 25 28 51 41 28 54 44 66 30 53
66 54 25 45 60 37 59 66 25 39 20 19 36 48 19 29 35 45 42 46 27 24 30 21 44 52 27 13 29 32 37 21 115 82 127 109 82 79 100 118 148 133 120 103 100 92 84 90 83 92 90 98 104 98 108 116 115 114 89 55 93 110 112 117 142 121 105 65 69 60 41 61 87 99 80 84 66 72 42 55 16 56 36 72 50 47 62 59 71 57 53 30 36 44 50 63 57 62 37 52 57 35 40 51 20 16 11 10 14 7 11 21 6 7 32 15 10 28 23 23 11 47 35 44 6 7 28 46 37 44 52 50 86 71
57 37 64 36 33 13 49 23 8 27 27 29 28 23 28 40 20 31 35 25 24 52 21 27 15 6 22 17 42 8 24 27 129 93 102 84 85 97 77 123 128 124 136 138 113 108 72 67 90 79 76 95 92 87 99 120 136 128 136 112 51 69 103 94 108 125 122 87 55 59 65 50 42 83 59 82 92 64 54 42 39 39 57 38 56 53 64 93 59 60 41 45 35 26 38 53 51 37 30 43 34 33 30 42 19 35 15 15 12 6 7 13 8 16 14 30 39 18 35 16 36 24 17 33 13 33 15 79 46 36 71 34 67 50
74 60 38 47 30 24 13 30 51 16 19 34 30 37 23 27 25 42 47 22 31 23 20 14 19 22 10 30 12 6 10 18 85 70 82 69 71 74 119 121 122 122 138 112 106 114 97 92 76 84 77 89 83 92 86 88 109 128 126 121 101 51 57 91 103 105 122 81 78 63 55 55 51 41 60 77 49 66 49 63 70 53 48 54 34 52 42 67 72 79 53 38 38 44 36 35 55 45 27 24 33 31 40 42 20 15 24 16 10 10 10 12 7 43 11 29 7 14 72 15 12 12 39 10 24 33 43 82 52 33 59 47 49 62
102 35 40 59 21 14 26 31 32 36 69 35 42 7 28 62 15 44 43 44 24 20 9 40 33 39 18 16 7 47 41 27 82 73 88 85 55 147 102 101 106 111 138 129 130 99 93 100 82 73 82 80 88 82 82 76 90 117 106 120 130 106 47 62 79 107 83 97 104 85 52 40 56 63 52 24 46 24 45 47 36 39 31 59 61 43 44 38 59 71 53 37 28 45 40 26 26 32 31 40 39 24 22 39 39 7 8 24 15 15 5 7 36 11 17 7 31 45 5 6 39 74 25 35 23 44 35 31 95 47 47 53 92 94
39 57 42 41 22 8 35 9 40 6 40 26 30 31 37 27 6 39 20 30 29 45 25 28 35 19 27 20 19 32 30 95 95 70 86 51 109 101 91 102 116 127 120 124 109 120 94 92 75 79 64 82 79 94 82 75 45 91 91 108 126 122 114 71 36 80 83 94 101 92 93 42 57 44 44 32 32 27 52 24 19 45 27 61 61 29 46 45 46 54 39 32 36 26 40 42 37 43 31 19 21 19 30 11 21 10 12 11 11 15 13 24 22 12 43 36 36 39 43 9 19 9 17 22 29 40 37 18 75 31 77 40 99 104
22 14 37 57 12 13 41 24 31 32 39 31 26 37 24 21 27 36 29 31 29 30 20 21 42 33 19 20 15 33 34 97 86 64 74 121 94 100 89 102 123 114 117 112 117 121 118 106 97 80 60 61 73 86 89 86 65 52 85 105 119 103 116 116 63 38 59 78 93 80 90 92 69 44 45 64 50 38 59 46 28 51 41 60 38 24 40 44 44 34 40 41 34 34 38 30 48 30 46 17 25 23 43 19 39 18 21 14 19 11 15 15 16 8 32 30 59 15 8 17 11 61 28 56 28 23 68 36 26 16 53 62 46 88
48 29 50 22 24 38 10 27 37 65 30 57 27 34 29 64 18 26 28 36 25 58 46 17 37 32 25 13 17 36 31 89 67 62 110 108 100 88 81 75 118 119 118 117 118 112 100 91 102 74 67 75 66 73 99 83 69 91 55 89 84 112 107 91 78 59 37 65 75 82 86 88 93 53 48 39 46 45 39 40 70 35 50 48 29 39 27 35 33 47 42 46 46 48 40 67 35 28 22 36 24 26 49 29 14 23 13 13 17 18 14 7 28 20 16 10 6 51 39 10 31 35 16 35 34 30 61 61 73 60 46 64 58 47
74 56 53 23 49 34 21 26 22 15 32 28 22 28 44 28 28 33 35 27 24 30 24 27 43 8 27 42 9 34 47 92 80 61 91 83 91 81 90 108 118 110 126 107 110 107 82 78 83 76 69 62 47 49 62 74 75 63 65 46 61 77 84 83 69 63 57 46 36 77 93 97 93 90 37 38 36 43 37 35 46 27 47 35 30 30 30 38 40 36 30 38 30 35 33 23 28 26 34 26 13 11 38 20 17 18 16 19 10 18 11 6 10 38 11 8 12 18 19 25 35 7 30 24 35 93 48 26 73 68 15 55 45 73
75 22 28 8 14 20 44 23 22 36 24 19 23 48 23 25 28 27 10 31 26 31 19 24 26 25 34 29 41 11 31 67 60 73 68 82 81 96 93 118 109 107 115 106 103 78 80 66 73 57 50 51 39 41 14 54 68 60 69 53 48 65 64 65 62 72 61 69 61 19 56 75 79 89 61 30 25 28 27 25 37 28 36 22 9 17 24 40 29 32 22 29 26 36 17 22 25 21 27 38 26 13 17 12 22 7 25 13 12 6 44 7 33 16 13 17 17 7 26 17 13 44 20 14 20 31 23 39 34 28 54 25 34 56
28 29 50 17 22 39 28 40 21 24 22 27 27 27 19 24 21 27 34 18 26 31 20 39 22 12 30 31 38 33 35 45 70 68 72 82 59 89 88 99 95 119 108 105 72 85 75 58 64 55 66 59 29 48 17 46 46 44 58 66 61 55 52 45 55 64 47 60 55 41 23 56 43 80 71 29 16 34 27 20 26 37 28 23 13 31 20 27 24 20 21 27 38 26 18 14 23 37 17 18 27 9 25 14 15 12 29 21 16 51 17 19 26 37 7 17 51 34 37 14 21 43 36 41 52 44 55 6 68 76 40 41 40 57
68 49 26 18 23 21 22 25 12 20 27 22 26 24 13 15 10 19 30 39 13 10 13 14 33 30 36 53 31 32 38 24 48 54 68 89 72 96 87 98 138 99 92 73 69 71 58 59 27 65 32 29 32 37 34 41 64 35 34 40 45 52 53 47 31 57 50 75 51 48 46 24 11 62 40 18 20 19 22 22 26 26 22 16 18 13 15 23 26 26 32 14 20 18 19 27 17 31 23 9 10 12 24 14 18 11 14 16 9 11 10 24 24 11 11 28 43 37 37 28 15 29 9 9 27 12 47 62 30 16 174 43 22 37
67 21 16 23 37 11 32 27 10 32 33 29 23 16 22 19 22 16 23 14 31 16 11 29 16 19 27 33 35 35 30 27 57 39 50 77 81 97 74 125 95 94 70 56 54 50 41 38 57 54 72 56 48 50 59 45 47 49 47 56 48 52 39 43 51 33 41 40 45 44 14 6 18 25 19 20 30 16 24 16 15 10 15 20 25 13 15 16 20 24 18 20 16 15 13 26 6 13 39 9 8 6 20 5 7 7 10 10 41 27 13 17 13 14 31 22 24 16 32 24 25 15 21 17 14 50 41 26 7 41 55 62 19 51
54 40 30 13 19 17 30 17 59 18 41 33 28 13 7 21 15 20 10 10 16 18 21 16 23 59 24 12 32 33 32 37 29 47 46 63 50 88 102 103 84 79 58 50 42 50 45 46 52 63 60 50 45 54 50 77 47 53 56 53 70 66 80 71 64 53 53 32 35 32 38 35 36 45 22 21 49 6 15 10 14 21 18 10 24 23 12 14 16 17 6 14 16 8 23 29 16 14 6 9 9 16 12 8 6 8 13 12 15 19 15 19 14 12 19 10 22 27 13 20 6 24 57 17 12 30 38 72 22 28 26 35 38 20
54 21 37 29 35 42 28 34 7 32 28 24 57 37 34 23 17 24 15 19 32 29 33 66 25 10 27 32 46 35 28 48 32 33 37 85 40 82 91 89 72 63 44 44 40 41 56 64 34 42 50 52 41 41 54 59 49 40 42 39 58 38 36 52 48 42 26 34 32 35 27 28 46 34 31 15 21 31 19 19 15 19 27 21 16 15 16 23 14 16 23 11 13 15 23 15 16 26 18 16 11 16 29 12 8 19 13 5 12 12 10 35 6 28 19 6 27 43 50 15 40 73 43 36 31 37 33 50 7 28 64 39 53 49
74 28 15 27 38 50 26 12 9 41 28 30 28 39 51 29 42 34 24 31 31 27 25 26 43 13 34 36 12 35 28 26 34 26 27 20 72 56 100 62 69 70 34 36 37 28 49 42 28 19 46 49 15 18 56 37 26 22 41 48 61 27 54 35 37 37 5 30 31 27 24 17 34 30 48 28 25 34 19 33 14 24 21 16 21 10 12 21 37 11 19 13 16 23 15 17 12 8 16 13 12 21 33 10 15 19 5 13 12 13 17 25 15 24 34 12 32 44 32 15 11 34 21 20 53 20 35 53 46 40 21 53 29 72
34 42 23 43 28 34 12 50 56 39 19 33 44 30 35 10 23 29 34 22 18 29 29 32 25 27 23 20 45 34 27 33 33 28 39 51 61 50 82 75 67 53 37 21 29 41 35 52 49 60 42 70 28 29 41 34 34 36 52 65 43 58 26 38 36 31 27 22 23 25 30 26 34 39 31 32 27 21 27 35 19 21 13 14 23 14 16 15 11 16 14 14 9 15 12 16 15 14 12 20 16 14 24 10 8 7 15 8 7 18 18 12 14 37 32 39 43 44 26 48 25 25 15 29 18 42 19 55 16 28 11 36 29 61
51 44 43 40 20 29 21 20 46 15 24 12 26 23 21 16 19 37 40 28 19 23 32 18 24 15 25 44 40 27 34 14 16 31 32 43 34 57 80 71 45 60 45 24 34 51 28 47 42 51 38 36 45 42 42 38 38 41 39 41 49 52 41 19 23 24 14 28 20 23 23 26 27 33 17 29 20 23 24 16 24 17 22 28 39 6 13 18 11 12 9 11 21 11 12 19 6 11 14 7 23 14 20 18 13 8 6 16 6 15 13 20 12 9 33 32 17 46 36 26 24 11 10 32 38 26 27 32 44 57 19 37 35 45
52 34 34 31 27 36 37 44 27 23 23 50 19 20 24 57 8 63 40 22 38 14 30 29 31 30 43 36 37 11 26 32 28 38 22 29 42 41 70 63 44 35 42 37 37 30 42 26 26 30 59 31 22 56 46 62 66 40 37 45 55 36 33 28 24 37 38 24 23 29 26 25 21 26 18 14 22 12 13 19 32 21 22 27 13 9 9 16 9 10 13 12 15 17 15 16 15 18 10 25 27 19 17 19 10 6 6 12 12 9 15 15 17 5 5 16 27 14 24 13 20 21 15 33 8 27 19 62 32 25 8 28 35 78
21 36 21 21 14 18 12 29 23 9 18 29 16 30 12 11 22 19 31 35 29 34 28 25 26 29 22 23 30 21 22 22 25 21 30 23 40 36 74 54 46 26 30 31 36 21 40 26 25 34 33 67 33 34 21 29 46 49 36 32 35 53 33 34 39 32 32 26 29 24 18 28 43 31 30 6 25 14 9 16 19 18 8 19 19 17 18 14 6 8 11 11 21 21 7 11 13 16 6 19 20 15 12 7 16 18 7 12 13 12 16 13 16 8 17 18 18 27 30 8 20 48 11 9 20 37 53 55 38 31 18 68 71 23
46 35 16 28 25 19 32 15 29 33 9 15 19 12 7 17 20 15 19 33 67 13 22 30 22 25 36 34 21 26 14 23 9 16 40 31 28 39 30 36 54 26 35 29 43 30 29 34 39 32 29 18 29 33 35 43 35 47 33 20 46 41 19 36 20 31 24 16 27 17 14 6 15 19 14 20 27 10 16 14 9 11 11 14 8 12 12 14 7 11 6 13 13 17 11 16 13 11 26 19 18 13 18 10 18 9 7 6 18 6 8 15 8 29 21 6 18 25 28 27 18 22 31 23 14 18 14 18 39 42 27 56 70 28
35 30 21 25 21 16 21 28 26 21 10 23 20 15 25 13 10 15 15 27 19 14 26 15 10 25 38 53 15 34 27 27 21 39 20 31 23 32 42 35 31 22 37 22 24 26 19 20 27 30 38 53 39 34 35 23 45 38 12 27 27 25 19 31 25 10 10 15 11 8 6 8 26 6 7 18 7 21 10 18 9 8 12 10 30 16 7 12 19 11 9 13 8 8 7 13 11 11 15 8 15 8 9 11 12 19 12 20 6 8 12 16 8 8 20 8 68 31 38 37 22 39 26 13 44 29 29 23 42 13 26 17 29 24
33 24 19 20 21 25 26 21 26 28 21 15 8 27 23 6 33 10 20 13 21 33 14 15 16 13 30 14 12 32 36 32 30 7 42 20 35 36 20 25 30 26 20 23 23 23 22 9 16 13 25 29 42 24 29 26 34 28 14 25 14 11 14 14 13 14 25 8 10 14 25 12 7 12 7 8 5 5 7 17 20 11 14 16 12 26 8 15 15 15 11 15 10 23 18 16 13 10 8 12 18 5 9 17 7 13 5 10 13 7 13 10 14 10 4 5 30 21 35 54 19 9 53 12 20 18 13 18 48 12 68 37 15 31
46 18 14 20 18 20 20 20 18 14 29 15 20 26 21 22 19 47 29 50 15 21 32 14 23 17 7 19 22 16 30 40 37 38 32 38 32 36 38 14 22 23 25 18 16 19 15 17 18 15 17 33 44 20 24 27 59 17 22 11 8 14 12 18 10 18 16 15 23 15 11 10 29 6 17 9 5 10 16 11 8 19 10 30 15 17 5 12 13 7 14 12 11 6 25 18 10 26 25 8 12 10 28 7 9 13 8 5 6 10 5 28 5 22 5 19 12 18 34 13 25 7 21 6 8 34 26 36 31 33 12 24 14 33
37 32 22 15 20 17 11 35 13 16 36 12 24 15 20 22 28 21 36 29 27 13 37 15 17 10 26 16 18 23 20 36 40 42 41 27 15 26 38 36 24 17 33 18 21 22 14 25 36 20 17 29 26 22 28 28 23 26 18 13 16 17 14 14 7 28 16 12 6 7 13 9 9 12 5 9 8 12 12 12 22 5 14 12 10 14 12 9 7 7 9 5 10 11 15 24 11 12 12 8 25 7 9 11 8 11 6 9 5 11 13 20 22 5 8 10 13 16 59 32 10 29 14 11 6 14 15 12 14 11 28 11 22 18
78 27 21 16 29 24 22 32 24 55 22 25 27 27 30 18 37 36 30 22 26 13 14 26 16 20 25 25 18 22 27 25 27 40 52 35 32 25 52 10 29 20 26 19 18 18 28 22 25 21 30 26 28 16 17 16 20 19 12 23 27 22 22 10 21 13 15 21 14 20 6 10 6 6 12 7 7 28 8 14 12 11 15 19 8 12 5 9 10 30 6 6 12 10 20 11 14 10 9 8 6 10 13 14 8 7 14 15 11 21 8 9 5 7 25 13 10 33 37 21 15 6 23 16 5 13 53 6 6 9 18 19 26 10
37 21 53 29 30 20 25 38 24 11 52 18 28 22 10 44 32 24 24 25 17 19 16 13 21 19 23 20 23 25 23 18 26 18 9 24 19 20 16 22 32 21 22 21 21 23 23 38 30 26 24 24 47 30 28 30 33 25 12 20 14 30 19 21 14 18 20 21 10 10 12 12 14 11 16 16 9 7 14 12 14 9 11 14 17 10 7 10 6 9 12 8 15 18 12 8 8 12 9 11 6 7 8 10 9 8 12 7 17 9 10 30 5 10 11 8 19 16 23 7 5 16 28 8 11 17 9 20 24 12 9 16 25 24
55 27 24 25 18 24 23 11 41 7 19 20 17 18 24 18 35 32 15 41 19 9 10 34 12 16 23 27 25 35 21 18 22 20 25 35 17 17 24 17 15 10 23 22 9 18 27 25 7 13 19 24 35 39 15 33 11 11 11 20 8 7 11 13 11 11 14 5 13 17 8 14 17 6 30 12 15 13 8 11 6 12 18 24 13 13 8 8 20 6 12 8 6 11 10 11 6 9 6 6 11 12 11 10 7 9 6 9 5 10 12 13 5 8 9 4 10 20 11 15 14 7 8 8 17 6 16 40 14 16 35 35 17 27
40 26 21 24 14 17 14 17 15 30 36 26 12 12 23 16 17 27 12 7 25 25 23 17 42 37 21 30 29 21 20 31 10 20 25 19 24 15 19 14 11 11 11 18 19 15 18 18 23 16 22 28 36 25 18 23 18 15 14 9 16 16 18 27 10 12 13 16 14 24 8 12 10 16 7 5 6 7 8 23 27 20 12 22 23 12 8 10 6 12 7 10 7 9 9 12 9 6 8 7 8 10 10 8 7 10 9 5 6 16 6 8 5 13 8 12 10 10 24 5 5 12 10 10 6 12 7 6 15 33 10 45 42 17
28 20 22 21 21 26 30 22 24 22 23 22 27 27 19 30 21 27 28 15 26 25 22 28 29 26 28 22 16 64 22 38 25 23 25 24 29 20 26 27 19 14 18 27 26 24 23 20 21 27 33 22 47 23 21 14 29 20 19 17 12 11 14 14 20 19 25 22 12 18 16 18 13 8 12 9 32 14 10 11 11 28 12 20 11 11 12 7 7 11 9 11 10 9 14 9 10 16 7 7 14 15 11 24 9 10 13 22 10 7 14 8 11 16 13 8 6 19 13 8 23 12 13 10 10 21 38 22 28 26 15 18 31 16
40 9 22 19 22 23 19 16 14 14 16 17 16 25 19 17 10 11 12 23 17 24 26 22 10 28 32 25 20 32 42 30 30 20 36 21 26 21 25 25 8 15 18 20 23 19 20 14 18 65 22 34 31 30 21 14 14 12 30 22 22 10 13 13 13 17 14 17 18 14 12 10 10 30 26 8 8 22 9 7 13 18 21 23 16 10 9 14 8 9 9 7 11 9 8 7 7 11 9 5 9 11 9 12 6 10 6 13 6 14 7 7 9 7 9 12 9 14 22 8 22 21 14 25 14 14 9 7 16 18 11 21 21 17
47 16 24 21 29 27 58 29 25 17 33 15 25 10 8 18 12 19 17 10 14 23 32 39 14 24 25 30 21 31 30 13 22 26 19 13 24 25 18 22 22 18 25 31 26 11 22 41 23 9 20 22 27 26 21 13 6 12 10 11 14 24 26 12 9 21 16 12 18 13 6 13 15 9 9 13 8 20 10 20 26 32 27 21 16 14 11 6 6 12 17 6 8 13 7 14 8 8 8 13 17 10 18 22 8 12 11 7 5 11 10 6 16 13 17 11 19 11 30 47 8 10 56 69 18 16 8 23 23 14 16 26 29 45
36 12 28 11 14 33 25 23 23 15 15 13 12 15 21 17 13 10 16 20 38 20 14 28 34 24 52 23 37 19 21 33 22 9 14 16 16 21 14 18 18 22 16 25 33 31 14 33 28 26 15 29 26 28 26 18 13 128 25 17 21 11 21 18 21 10 16 13 10 20 19 8 22 19 11 19 6 7 14 21 11 13 32 12 18 13 14 6 33 7 36 6 16 7 6 10 10 11 13 14 9 11 29 39 9 15 5 5 6 5 18 9 10 14 13 11 7 8 9 35 14 7 13 4 24 10 14 21 16 44 29 20 23 16
68 41 19 14 12 25 24 14 8 19 26 20 28 19 24 12 34 20 22 24 20 23 20 30 22 8 20 30 29 20 25 17 28 29 20 24 18 18 28 13 15 20 23 23 20 27 24 18 18 15 21 35 19 23 21 19 44 27 19 19 12 18 21 13 22 16 24 17 10 20 6 33 15 21 31 7 36 7 15 19 16 15 23 13 10 14 5 13 8 5 14 6 6 15 9 7 20 14 18 11 5 6 18 23 20 12 6 7 13 14 11 11 7 12 7 10 8 16 6 34 17 6 18 11 11 19 20 7 20 25 34 22 7 18
117 17 9 18 68 7 38 16 25 24 24 23 18 34 15 13 59 21 17 74 18 26 26 11 29 29 22 21 13 34 27 90 29 44 39 31 8 15 14 30 12 14 17 22 20 23 21 21 18 23 23 30 42 26 22 39 39 21 20 42 36 40 26 20 17 33 22 29 30 18 12 39 29 31 27 16 24 22 14 15 31 18 25 18 17 9 35 22 25 21 16 23 18 42 11 33 9 17 17 9 16 25 17 55 7 18 13 12 14 10 8 19 22 20 15 12 27 6 18 10 6 13 11 6 12 13 13 21 8 14 6 42 37 68
